1.00000e+01 5.00196e-01 3.50408e-02
2.00000e+01 5.00196e-01 3.86954e-02
3.00000e+01 5.00195e-01 4.27282e-02
4.00000e+01 5.00194e-01 4.71773e-02
5.00000e+01 5.00193e-01 5.20844e-02
6.00000e+01 5.00193e-01 5.74949e-02
7.00000e+01 5.00192e-01 6.34580e-02
8.00000e+01 5.00191e-01 7.00271e-02
9.00000e+01 5.00190e-01 7.72595e-02
1.00000e+02 5.00189e-01 8.52169e-02
1.10000e+02 5.00189e-01 9.39646e-02
1.20000e+02 5.00188e-01 1.03571e-01
1.30000e+02 5.00187e-01 1.14109e-01
1.40000e+02 5.00186e-01 1.25651e-01
1.50000e+02 5.00186e-01 1.38272e-01
1.60000e+02 5.00185e-01 1.52043e-01
1.70000e+02 5.00184e-01 1.67032e-01
1.80000e+02 5.00183e-01 1.83301e-01
1.90000e+02 5.00183e-01 2.00897e-01
2.00000e+02 5.00182e-01 2.19851e-01
2.10000e+02 5.00181e-01 2.40171e-01
2.20000e+02 5.00181e-01 2.61835e-01
2.30000e+02 5.00180e-01 2.84784e-01
2.40000e+02 5.00179e-01 3.08917e-01
2.50000e+02 5.00178e-01 3.34082e-01
2.60000e+02 5.00178e-01 3.60080e-01
2.70000e+02 5.00177e-01 3.86658e-01
2.80000e+02 5.00176e-01 4.13518e-01
2.90000e+02 5.00176e-01 4.40330e-01
3.00000e+02 5.00175e-01 4.66739e-01
3.10000e+02 5.00174e-01 4.92393e-01
3.20000e+02 5.00173e-01 5.16956e-01
3.30000e+02 5.00173e-01 5.40135e-01
3.40000e+02 5.00172e-01 5.61690e-01
3.50000e+02 5.00171e-01 5.81453e-01
3.60000e+02 5.00171e-01 5.99327e-01
3.70000e+02 5.00170e-01 6.15285e-01
3.80000e+02 5.00169e-01 6.29365e-01
3.90000e+02 5.00169e-01 6.41652e-01
4.00000e+02 5.00168e-01 6.52270e-01
4.10000e+02 5.00167e-01 6.61368e-01
4.20000e+02 5.00167e-01 6.69105e-01
4.30000e+02 5.00166e-01 6.75641e-01
4.40000e+02 5.00165e-01 6.81132e-01
4.50000e+02 5.00165e-01 6.85723e-01
4.60000e+02 5.00164e-01 6.89546e-01
4.70000e+02 5.00163e-01 6.92719e-01
4.80000e+02 5.00163e-01 6.95345e-01
4.90000e+02 5.00162e-01 6.97514e-01
5.00000e+02 5.00161e-01 6.99301e-01
5.10000e+02 5.00161e-01 7.00771e-01
5.20000e+02 5.00160e-01 7.01979e-01
5.30000e+02 5.00160e-01 7.02970e-01
5.40000e+02 5.00159e-01 7.03783e-01
5.50000e+02 5.00158e-01 7.04449e-01
5.60000e+02 5.00158e-01 7.04994e-01
5.70000e+02 5.00157e-01 7.05440e-01
5.80000e+02 5.00156e-01 7.05805e-01
5.90000e+02 5.00156e-01 7.06104e-01
6.00000e+02 5.00155e-01 7.06347e-01
6.10000e+02 5.00154e-01 7.06546e-01
6.20000e+02 5.00154e-01 7.06709e-01
6.30000e+02 5.00153e-01 7.06842e-01
6.40000e+02 5.00153e-01 7.06950e-01
6.50000e+02 5.00152e-01 7.07038e-01
6.60000e+02 5.00151e-01 7.07110e-01
6.70000e+02 5.00151e-01 7.07168e-01
6.80000e+02 5.00150e-01 7.07216e-01
6.90000e+02 5.00150e-01 7.07254e-01
7.00000e+02 5.00149e-01 7.07285e-01
7.10000e+02 5.00148e-01 7.07311e-01
7.20000e+02 5.00148e-01 7.07331e-01
7.30000e+02 5.00147e-01 7.07348e-01
7.40000e+02 5.00147e-01 7.07361e-01
7.50000e+02 5.00146e-01 7.07372e-01
7.60000e+02 5.00145e-01 7.07380e-01
7.70000e+02 5.00145e-01 7.07387e-01
7.80000e+02 5.00144e-01 7.07392e-01
7.90000e+02 5.00144e-01 7.07396e-01
8.00000e+02 5.00143e-01 7.07399e-01
8.10000e+02 5.00143e-01 7.07401e-01
8.20000e+02 5.00142e-01 7.07403e-01
8.30000e+02 5.00141e-01 7.07404e-01
8.40000e+02 5.00141e-01 7.07405e-01
8.50000e+02 5.00140e-01 7.07405e-01
8.60000e+02 5.00140e-01 7.07405e-01
8.70000e+02 5.00139e-01 7.07405e-01
8.80000e+02 5.00139e-01 7.07405e-01
8.90000e+02 5.00138e-01 7.07404e-01
9.00000e+02 5.00138e-01 7.07404e-01
9.10000e+02 5.00137e-01 7.07403e-01
9.20000e+02 5.00136e-01 7.07402e-01
9.30000e+02 5.00136e-01 7.07401e-01
9.40000e+02 5.00135e-01 7.07400e-01
9.50000e+02 5.00135e-01 7.07399e-01
9.60000e+02 5.00134e-01 7.07398e-01
9.70000e+02 5.00134e-01 7.07397e-01
9.80000e+02 5.00133e-01 7.07396e-01
9.90000e+02 5.00133e-01 7.07395e-01
1.00000e+03 5.00132e-01 7.07394e-01
1.01000e+03 5.00132e-01 7.07393e-01
1.02000e+03 5.00131e-01 7.07392e-01
1.03000e+03 5.00131e-01 7.07391e-01
1.04000e+03 5.00130e-01 7.07390e-01
1.05000e+03 5.00130e-01 7.07389e-01
1.06000e+03 5.00129e-01 7.07388e-01
1.07000e+03 5.00129e-01 7.07387e-01
1.08000e+03 5.00128e-01 7.07386e-01
1.09000e+03 5.00127e-01 7.07385e-01
1.10000e+03 5.00127e-01 7.07383e-01
1.11000e+03 5.00126e-01 7.07382e-01
1.12000e+03 5.00126e-01 7.07381e-01
1.13000e+03 5.00125e-01 7.07380e-01
1.14000e+03 5.00125e-01 7.07379e-01
1.15000e+03 5.00124e-01 7.07378e-01
1.16000e+03 5.00124e-01 7.07377e-01
1.17000e+03 5.00123e-01 7.07376e-01
1.18000e+03 5.00123e-01 7.07375e-01
1.19000e+03 5.00122e-01 7.07374e-01
1.20000e+03 5.00122e-01 7.07373e-01
1.21000e+03 5.00122e-01 7.07372e-01
1.22000e+03 5.00121e-01 7.07371e-01
1.23000e+03 5.00121e-01 7.07370e-01
1.24000e+03 5.00120e-01 7.07369e-01
1.25000e+03 5.00120e-01 7.07368e-01
1.26000e+03 5.00119e-01 7.07367e-01
1.27000e+03 5.00119e-01 7.07366e-01
1.28000e+03 5.00118e-01 7.07365e-01
1.29000e+03 5.00118e-01 7.07364e-01
1.30000e+03 5.00117e-01 7.07363e-01
1.31000e+03 5.00117e-01 7.07362e-01
1.32000e+03 5.00116e-01 7.07361e-01
1.33000e+03 5.00116e-01 7.07360e-01
1.34000e+03 5.00115e-01 7.07359e-01
1.35000e+03 5.00115e-01 7.07358e-01
1.36000e+03 5.00114e-01 7.07357e-01
1.37000e+03 5.00114e-01 7.07356e-01
1.38000e+03 5.00114e-01 7.07355e-01
1.39000e+03 5.00113e-01 7.07354e-01
1.40000e+03 5.00113e-01 7.07353e-01
1.41000e+03 5.00112e-01 7.07352e-01
1.42000e+03 5.00112e-01 7.07351e-01
1.43000e+03 5.00111e-01 7.07350e-01
1.44000e+03 5.00111e-01 7.07349e-01
1.45000e+03 5.00110e-01 7.07348e-01
1.46000e+03 5.00110e-01 7.07347e-01
1.47000e+03 5.00110e-01 7.07346e-01
1.48000e+03 5.00109e-01 7.07345e-01
1.49000e+03 5.00109e-01 7.07344e-01
1.50000e+03 5.00108e-01 7.07343e-01
1.51000e+03 5.00108e-01 7.07342e-01
1.52000e+03 5.00107e-01 7.07341e-01
1.53000e+03 5.00107e-01 7.07340e-01
1.54000e+03 5.00106e-01 7.07339e-01
1.55000e+03 5.00106e-01 7.07339e-01
1.56000e+03 5.00106e-01 7.07338e-01
1.57000e+03 5.00105e-01 7.07337e-01
1.58000e+03 5.00105e-01 7.07336e-01
1.59000e+03 5.00104e-01 7.07335e-01
1.60000e+03 5.00104e-01 7.07334e-01
1.61000e+03 5.00104e-01 7.07333e-01
1.62000e+03 5.00103e-01 7.07332e-01
1.63000e+03 5.00103e-01 7.07331e-01
1.64000e+03 5.00102e-01 7.07331e-01
1.65000e+03 5.00102e-01 7.07330e-01
1.66000e+03 5.00102e-01 7.07329e-01
1.67000e+03 5.00101e-01 7.07328e-01
1.68000e+03 5.00101e-01 7.07327e-01
1.69000e+03 5.00100e-01 7.07326e-01
1.70000e+03 5.00100e-01 7.07325e-01
1.71000e+03 5.00099e-01 7.07324e-01
1.72000e+03 5.00099e-01 7.07324e-01
1.73000e+03 5.00099e-01 7.07323e-01
1.74000e+03 5.00098e-01 7.07322e-01
1.75000e+03 5.00098e-01 7.07321e-01
1.76000e+03 5.00098e-01 7.07320e-01
1.77000e+03 5.00097e-01 7.07319e-01
1.78000e+03 5.00097e-01 7.07319e-01
1.79000e+03 5.00096e-01 7.07318e-01
1.80000e+03 5.00096e-01 7.07317e-01
1.81000e+03 5.00096e-01 7.07316e-01
1.82000e+03 5.00095e-01 7.07315e-01
1.83000e+03 5.00095e-01 7.07314e-01
1.84000e+03 5.00094e-01 7.07314e-01
1.85000e+03 5.00094e-01 7.07313e-01
1.86000e+03 5.00094e-01 7.07312e-01
1.87000e+03 5.00093e-01 7.07311e-01
1.88000e+03 5.00093e-01 7.07310e-01
1.89000e+03 5.00093e-01 7.07310e-01
1.90000e+03 5.00092e-01 7.07309e-01
1.91000e+03 5.00092e-01 7.07308e-01
1.92000e+03 5.00091e-01 7.07307e-01
1.93000e+03 5.00091e-01 7.07307e-01
1.94000e+03 5.00091e-01 7.07306e-01
1.95000e+03 5.00090e-01 7.07305e-01
1.96000e+03 5.00090e-01 7.07304e-01
1.97000e+03 5.00090e-01 7.07303e-01
1.98000e+03 5.00089e-01 7.07303e-01
1.99000e+03 5.00089e-01 7.07302e-01
2.00000e+03 5.00089e-01 7.07301e-01
