1.00000e+01 4.99912e-01 3.31433e-04
2.00000e+01 4.99913e-01 3.66002e-04
3.00000e+01 4.99913e-01 4.04128e-04
4.00000e+01 4.99914e-01 4.46212e-04
5.00000e+01 4.99914e-01 4.92678e-04
6.00000e+01 4.99915e-01 5.43990e-04
7.00000e+01 4.99915e-01 6.00656e-04
8.00000e+01 4.99916e-01 6.63236e-04
9.00000e+01 4.99916e-01 7.32349e-04
1.00000e+02 4.99917e-01 8.08676e-04
1.10000e+02 4.99917e-01 8.92972e-04
1.20000e+02 4.99918e-01 9.86068e-04
1.30000e+02 4.99918e-01 1.08888e-03
1.40000e+02 4.99919e-01 1.20243e-03
1.50000e+02 4.99919e-01 1.32784e-03
1.60000e+02 4.99920e-01 1.46634e-03
1.70000e+02 4.99920e-01 1.61930e-03
1.80000e+02 4.99921e-01 1.78824e-03
1.90000e+02 4.99921e-01 1.97482e-03
2.00000e+02 4.99922e-01 2.18088e-03
2.10000e+02 4.99922e-01 2.40846e-03
2.20000e+02 4.99922e-01 2.65981e-03
2.30000e+02 4.99923e-01 2.93741e-03
2.40000e+02 4.99923e-01 3.24400e-03
2.50000e+02 4.99924e-01 3.58261e-03
2.60000e+02 4.99924e-01 3.95659e-03
2.70000e+02 4.99925e-01 4.36962e-03
2.80000e+02 4.99925e-01 4.82579e-03
2.90000e+02 4.99926e-01 5.32961e-03
3.00000e+02 4.99926e-01 5.88603e-03
3.10000e+02 4.99927e-01 6.50056e-03
3.20000e+02 4.99927e-01 7.17925e-03
3.30000e+02 4.99927e-01 7.92881e-03
3.40000e+02 4.99928e-01 8.75661e-03
3.50000e+02 4.99928e-01 9.67081e-03
3.60000e+02 4.99929e-01 1.06804e-02
3.70000e+02 4.99929e-01 1.17954e-02
3.80000e+02 4.99930e-01 1.30266e-02
3.90000e+02 4.99930e-01 1.43862e-02
4.00000e+02 4.99930e-01 1.58875e-02
4.10000e+02 4.99931e-01 1.75453e-02
4.20000e+02 4.99931e-01 1.93756e-02
4.30000e+02 4.99932e-01 2.13963e-02
4.40000e+02 4.99932e-01 2.36272e-02
4.50000e+02 4.99932e-01 2.60897e-02
4.60000e+02 4.99933e-01 2.88077e-02
4.70000e+02 4.99933e-01 3.18072e-02
4.80000e+02 4.99934e-01 3.51169e-02
4.90000e+02 4.99934e-01 3.87681e-02
5.00000e+02 4.99934e-01 4.27953e-02
5.10000e+02 4.99935e-01 4.72359e-02
5.20000e+02 4.99935e-01 5.21307e-02
5.30000e+02 4.99936e-01 5.75241e-02
5.40000e+02 4.99936e-01 6.34643e-02
5.50000e+02 4.99936e-01 7.00029e-02
5.60000e+02 4.99937e-01 7.71955e-02
5.70000e+02 4.99937e-01 8.51013e-02
5.80000e+02 4.99938e-01 9.37830e-02
5.90000e+02 4.99938e-01 1.03306e-01
6.00000e+02 4.99938e-01 1.13738e-01
6.10000e+02 4.99939e-01 1.25148e-01
6.20000e+02 4.99939e-01 1.37604e-01
6.30000e+02 4.99939e-01 1.51173e-01
6.40000e+02 4.99940e-01 1.65916e-01
6.50000e+02 4.99940e-01 1.81886e-01
6.60000e+02 4.99940e-01 1.99124e-01
6.70000e+02 4.99941e-01 2.17654e-01
6.80000e+02 4.99941e-01 2.37481e-01
6.90000e+02 4.99942e-01 2.58579e-01
7.00000e+02 4.99942e-01 2.80891e-01
7.10000e+02 4.99942e-01 3.04323e-01
7.20000e+02 4.99943e-01 3.28740e-01
7.30000e+02 4.99943e-01 3.53961e-01
7.40000e+02 4.99943e-01 3.79765e-01
7.50000e+02 4.99944e-01 4.05891e-01
7.60000e+02 4.99944e-01 4.32047e-01
7.70000e+02 4.99944e-01 4.57921e-01
7.80000e+02 4.99945e-01 4.83194e-01
7.90000e+02 4.99945e-01 5.07558e-01
8.00000e+02 4.99945e-01 5.30731e-01
8.10000e+02 4.99946e-01 5.52471e-01
8.20000e+02 4.99946e-01 5.72593e-01
8.30000e+02 4.99946e-01 5.90968e-01
8.40000e+02 4.99947e-01 6.07533e-01
8.50000e+02 4.99947e-01 6.22286e-01
8.60000e+02 4.99947e-01 6.35276e-01
8.70000e+02 4.99948e-01 6.46594e-01
8.80000e+02 4.99948e-01 6.56363e-01
8.90000e+02 4.99948e-01 6.64725e-01
9.00000e+02 4.99948e-01 6.71830e-01
9.10000e+02 4.99949e-01 6.77829e-01
9.20000e+02 4.99949e-01 6.82866e-01
9.30000e+02 4.99949e-01 6.87076e-01
9.40000e+02 4.99950e-01 6.90581e-01
9.50000e+02 4.99950e-01 6.93490e-01
9.60000e+02 4.99950e-01 6.95898e-01
9.70000e+02 4.99951e-01 6.97886e-01
9.80000e+02 4.99951e-01 6.99524e-01
9.90000e+02 4.99951e-01 7.00873e-01
1.00000e+03 4.99951e-01 7.01981e-01
1.01000e+03 4.99952e-01 7.02891e-01
1.02000e+03 4.99952e-01 7.03638e-01
1.03000e+03 4.99952e-01 7.04250e-01
1.04000e+03 4.99953e-01 7.04752e-01
1.05000e+03 4.99953e-01 7.05162e-01
1.06000e+03 4.99953e-01 7.05499e-01
1.07000e+03 4.99953e-01 7.05774e-01
1.08000e+03 4.99954e-01 7.06000e-01
1.09000e+03 4.99954e-01 7.06184e-01
1.10000e+03 4.99954e-01 7.06335e-01
1.11000e+03 4.99955e-01 7.06459e-01
1.12000e+03 4.99955e-01 7.06560e-01
1.13000e+03 4.99955e-01 7.06643e-01
1.14000e+03 4.99955e-01 7.06710e-01
1.15000e+03 4.99956e-01 7.06766e-01
1.16000e+03 4.99956e-01 7.06811e-01
1.17000e+03 4.99956e-01 7.06848e-01
1.18000e+03 4.99956e-01 7.06879e-01
1.19000e+03 4.99957e-01 7.06904e-01
1.20000e+03 4.99957e-01 7.06925e-01
1.21000e+03 4.99957e-01 7.06942e-01
1.22000e+03 4.99957e-01 7.06956e-01
1.23000e+03 4.99958e-01 7.06967e-01
1.24000e+03 4.99958e-01 7.06977e-01
1.25000e+03 4.99958e-01 7.06984e-01
1.26000e+03 4.99958e-01 7.06991e-01
1.27000e+03 4.99959e-01 7.06996e-01
1.28000e+03 4.99959e-01 7.07001e-01
1.29000e+03 4.99959e-01 7.07005e-01
1.30000e+03 4.99959e-01 7.07008e-01
1.31000e+03 4.99960e-01 7.07010e-01
1.32000e+03 4.99960e-01 7.07013e-01
1.33000e+03 4.99960e-01 7.07015e-01
1.34000e+03 4.99960e-01 7.07016e-01
1.35000e+03 4.99961e-01 7.07018e-01
1.36000e+03 4.99961e-01 7.07019e-01
1.37000e+03 4.99961e-01 7.07020e-01
1.38000e+03 4.99961e-01 7.07021e-01
1.39000e+03 4.99962e-01 7.07022e-01
1.40000e+03 4.99962e-01 7.07023e-01
1.41000e+03 4.99962e-01 7.07024e-01
1.42000e+03 4.99962e-01 7.07025e-01
1.43000e+03 4.99962e-01 7.07025e-01
1.44000e+03 4.99963e-01 7.07026e-01
1.45000e+03 4.99963e-01 7.07027e-01
1.46000e+03 4.99963e-01 7.07027e-01
1.47000e+03 4.99963e-01 7.07028e-01
1.48000e+03 4.99964e-01 7.07028e-01
1.49000e+03 4.99964e-01 7.07029e-01
1.50000e+03 4.99964e-01 7.07029e-01
1.51000e+03 4.99964e-01 7.07030e-01
1.52000e+03 4.99964e-01 7.07030e-01
1.53000e+03 4.99965e-01 7.07031e-01
1.54000e+03 4.99965e-01 7.07031e-01
1.55000e+03 4.99965e-01 7.07032e-01
1.56000e+03 4.99965e-01 7.07032e-01
1.57000e+03 4.99966e-01 7.07033e-01
1.58000e+03 4.99966e-01 7.07033e-01
1.59000e+03 4.99966e-01 7.07034e-01
1.60000e+03 4.99966e-01 7.07034e-01
1.61000e+03 4.99966e-01 7.07035e-01
1.62000e+03 4.99967e-01 7.07035e-01
1.63000e+03 4.99967e-01 7.07036e-01
1.64000e+03 4.99967e-01 7.07036e-01
1.65000e+03 4.99967e-01 7.07036e-01
1.66000e+03 4.99967e-01 7.07037e-01
1.67000e+03 4.99968e-01 7.07037e-01
1.68000e+03 4.99968e-01 7.07038e-01
1.69000e+03 4.99968e-01 7.07038e-01
1.70000e+03 4.99968e-01 7.07039e-01
1.71000e+03 4.99968e-01 7.07039e-01
1.72000e+03 4.99968e-01 7.07039e-01
1.73000e+03 4.99969e-01 7.07040e-01
1.74000e+03 4.99969e-01 7.07040e-01
1.75000e+03 4.99969e-01 7.07041e-01
1.76000e+03 4.99969e-01 7.07041e-01
1.77000e+03 4.99969e-01 7.07041e-01
1.78000e+03 4.99970e-01 7.07042e-01
1.79000e+03 4.99970e-01 7.07042e-01
1.80000e+03 4.99970e-01 7.07043e-01
1.81000e+03 4.99970e-01 7.07043e-01
1.82000e+03 4.99970e-01 7.07043e-01
1.83000e+03 4.99970e-01 7.07044e-01
1.84000e+03 4.99971e-01 7.07044e-01
1.85000e+03 4.99971e-01 7.07045e-01
1.86000e+03 4.99971e-01 7.07045e-01
1.87000e+03 4.99971e-01 7.07045e-01
1.88000e+03 4.99971e-01 7.07046e-01
1.89000e+03 4.99972e-01 7.07046e-01
1.90000e+03 4.99972e-01 7.07046e-01
1.91000e+03 4.99972e-01 7.07047e-01
1.92000e+03 4.99972e-01 7.07047e-01
1.93000e+03 4.99972e-01 7.07048e-01
1.94000e+03 4.99972e-01 7.07048e-01
1.95000e+03 4.99973e-01 7.07048e-01
1.96000e+03 4.99973e-01 7.07049e-01
1.97000e+03 4.99973e-01 7.07049e-01
1.98000e+03 4.99973e-01 7.07049e-01
1.99000e+03 4.99973e-01 7.07050e-01
2.00000e+03 4.99973e-01 7.07050e-01
