1.00000e+01 5.00003e-01 7.10230e-01
2.00000e+01 5.00003e-01 7.10232e-01
3.00000e+01 5.00003e-01 7.10234e-01
4.00000e+01 5.00003e-01 7.10236e-01
5.00000e+01 5.00003e-01 7.10238e-01
6.00000e+01 5.00003e-01 7.10240e-01
7.00000e+01 5.00003e-01 7.10242e-01
8.00000e+01 5.00003e-01 7.10244e-01
9.00000e+01 5.00003e-01 7.10246e-01
1.00000e+02 5.00003e-01 7.10248e-01
1.10000e+02 5.00003e-01 7.10250e-01
1.20000e+02 5.00003e-01 7.10252e-01
1.30000e+02 5.00003e-01 7.10254e-01
1.40000e+02 5.00003e-01 7.10256e-01
1.50000e+02 5.00003e-01 7.10258e-01
1.60000e+02 5.00003e-01 7.10261e-01
1.70000e+02 5.00003e-01 7.10263e-01
1.80000e+02 5.00003e-01 7.10265e-01
1.90000e+02 5.00003e-01 7.10267e-01
2.00000e+02 5.00003e-01 7.10269e-01
2.10000e+02 5.00003e-01 7.10271e-01
2.20000e+02 5.00003e-01 7.10273e-01
2.30000e+02 5.00003e-01 7.10275e-01
2.40000e+02 5.00003e-01 7.10277e-01
2.50000e+02 5.00003e-01 7.10279e-01
2.60000e+02 5.00003e-01 7.10281e-01
2.70000e+02 5.00003e-01 7.10283e-01
2.80000e+02 5.00003e-01 7.10285e-01
2.90000e+02 5.00003e-01 7.10287e-01
3.00000e+02 5.00003e-01 7.10290e-01
3.10000e+02 5.00003e-01 7.10292e-01
3.20000e+02 5.00003e-01 7.10294e-01
3.30000e+02 5.00003e-01 7.10296e-01
3.40000e+02 5.00003e-01 7.10298e-01
3.50000e+02 5.00003e-01 7.10300e-01
3.60000e+02 5.00003e-01 7.10302e-01
3.70000e+02 5.00003e-01 7.10304e-01
3.80000e+02 5.00003e-01 7.10306e-01
3.90000e+02 5.00003e-01 7.10309e-01
4.00000e+02 5.00003e-01 7.10311e-01
4.10000e+02 5.00003e-01 7.10313e-01
4.20000e+02 5.00003e-01 7.10315e-01
4.30000e+02 5.00003e-01 7.10317e-01
4.40000e+02 5.00003e-01 7.10319e-01
4.50000e+02 5.00003e-01 7.10321e-01
4.60000e+02 5.00003e-01 7.10324e-01
4.70000e+02 5.00003e-01 7.10326e-01
4.80000e+02 5.00003e-01 7.10328e-01
4.90000e+02 5.00003e-01 7.10330e-01
5.00000e+02 5.00002e-01 7.10332e-01
5.10000e+02 5.00002e-01 7.10334e-01
5.20000e+02 5.00002e-01 7.10336e-01
5.30000e+02 5.00002e-01 7.10339e-01
5.40000e+02 5.00002e-01 7.10341e-01
5.50000e+02 5.00002e-01 7.10343e-01
5.60000e+02 5.00002e-01 7.10345e-01
5.70000e+02 5.00002e-01 7.10347e-01
5.80000e+02 5.00002e-01 7.10349e-01
5.90000e+02 5.00002e-01 7.10352e-01
6.00000e+02 5.00002e-01 7.10354e-01
6.10000e+02 5.00002e-01 7.10356e-01
6.20000e+02 5.00002e-01 7.10358e-01
6.30000e+02 5.00002e-01 7.10360e-01
6.40000e+02 5.00002e-01 7.10363e-01
6.50000e+02 5.00002e-01 7.10365e-01
6.60000e+02 5.00002e-01 7.10367e-01
6.70000e+02 5.00002e-01 7.10369e-01
6.80000e+02 5.00002e-01 7.10371e-01
6.90000e+02 5.00002e-01 7.10374e-01
7.00000e+02 5.00002e-01 7.10376e-01
7.10000e+02 5.00002e-01 7.10378e-01
7.20000e+02 5.00002e-01 7.10380e-01
7.30000e+02 5.00002e-01 7.10383e-01
7.40000e+02 5.00002e-01 7.10385e-01
7.50000e+02 5.00002e-01 7.10387e-01
7.60000e+02 5.00002e-01 7.10389e-01
7.70000e+02 5.00002e-01 7.10392e-01
7.80000e+02 5.00002e-01 7.10394e-01
7.90000e+02 5.00002e-01 7.10396e-01
8.00000e+02 5.00002e-01 7.10398e-01
8.10000e+02 5.00002e-01 7.10401e-01
8.20000e+02 5.00002e-01 7.10403e-01
8.30000e+02 5.00002e-01 7.10405e-01
8.40000e+02 5.00002e-01 7.10407e-01
8.50000e+02 5.00002e-01 7.10410e-01
8.60000e+02 5.00002e-01 7.10412e-01
8.70000e+02 5.00002e-01 7.10414e-01
8.80000e+02 5.00002e-01 7.10416e-01
8.90000e+02 5.00002e-01 7.10419e-01
9.00000e+02 5.00002e-01 7.10421e-01
9.10000e+02 5.00002e-01 7.10423e-01
9.20000e+02 5.00002e-01 7.10426e-01
9.30000e+02 5.00002e-01 7.10428e-01
9.40000e+02 5.00002e-01 7.10430e-01
9.50000e+02 5.00002e-01 7.10432e-01
9.60000e+02 5.00002e-01 7.10435e-01
9.70000e+02 5.00002e-01 7.10437e-01
9.80000e+02 5.00002e-01 7.10439e-01
9.90000e+02 5.00002e-01 7.10442e-01
1.00000e+03 5.00002e-01 7.10444e-01
1.01000e+03 5.00002e-01 7.10446e-01
1.02000e+03 5.00002e-01 7.10449e-01
1.03000e+03 5.00002e-01 7.10451e-01
1.04000e+03 5.00002e-01 7.10453e-01
1.05000e+03 5.00002e-01 7.10456e-01
1.06000e+03 5.00002e-01 7.10458e-01
1.07000e+03 5.00002e-01 7.10460e-01
1.08000e+03 5.00002e-01 7.10463e-01
1.09000e+03 5.00002e-01 7.10465e-01
1.10000e+03 5.00002e-01 7.10467e-01
1.11000e+03 5.00002e-01 7.10470e-01
1.12000e+03 5.00002e-01 7.10472e-01
1.13000e+03 5.00002e-01 7.10474e-01
1.14000e+03 5.00002e-01 7.10477e-01
1.15000e+03 5.00002e-01 7.10479e-01
1.16000e+03 5.00002e-01 7.10482e-01
1.17000e+03 5.00002e-01 7.10484e-01
1.18000e+03 5.00002e-01 7.10486e-01
1.19000e+03 5.00002e-01 7.10489e-01
1.20000e+03 5.00002e-01 7.10491e-01
1.21000e+03 5.00002e-01 7.10493e-01
1.22000e+03 5.00002e-01 7.10496e-01
1.23000e+03 5.00002e-01 7.10498e-01
1.24000e+03 5.00002e-01 7.10501e-01
1.25000e+03 5.00002e-01 7.10503e-01
1.26000e+03 5.00002e-01 7.10505e-01
1.27000e+03 5.00002e-01 7.10508e-01
1.28000e+03 5.00002e-01 7.10510e-01
1.29000e+03 5.00002e-01 7.10513e-01
1.30000e+03 5.00002e-01 7.10515e-01
1.31000e+03 5.00002e-01 7.10518e-01
1.32000e+03 5.00002e-01 7.10520e-01
1.33000e+03 5.00002e-01 7.10522e-01
1.34000e+03 5.00002e-01 7.10525e-01
1.35000e+03 5.00001e-01 7.10527e-01
1.36000e+03 5.00001e-01 7.10530e-01
1.37000e+03 5.00001e-01 7.10532e-01
1.38000e+03 5.00001e-01 7.10535e-01
1.39000e+03 5.00001e-01 7.10537e-01
1.40000e+03 5.00001e-01 7.10539e-01
1.41000e+03 5.00001e-01 7.10542e-01
1.42000e+03 5.00001e-01 7.10544e-01
1.43000e+03 5.00001e-01 7.10547e-01
1.44000e+03 5.00001e-01 7.10549e-01
1.45000e+03 5.00001e-01 7.10552e-01
1.46000e+03 5.00001e-01 7.10554e-01
1.47000e+03 5.00001e-01 7.10557e-01
1.48000e+03 5.00001e-01 7.10559e-01
1.49000e+03 5.00001e-01 7.10562e-01
1.50000e+03 5.00001e-01 7.10564e-01
1.51000e+03 5.00001e-01 7.10567e-01
1.52000e+03 5.00001e-01 7.10569e-01
1.53000e+03 5.00001e-01 7.10572e-01
1.54000e+03 5.00001e-01 7.10574e-01
1.55000e+03 5.00001e-01 7.10577e-01
1.56000e+03 5.00001e-01 7.10579e-01
1.57000e+03 5.00001e-01 7.10582e-01
1.58000e+03 5.00001e-01 7.10584e-01
1.59000e+03 5.00001e-01 7.10587e-01
1.60000e+03 5.00001e-01 7.10589e-01
1.61000e+03 5.00001e-01 7.10592e-01
1.62000e+03 5.00001e-01 7.10594e-01
1.63000e+03 5.00001e-01 7.10597e-01
1.64000e+03 5.00001e-01 7.10599e-01
1.65000e+03 5.00001e-01 7.10602e-01
1.66000e+03 5.00001e-01 7.10604e-01
1.67000e+03 5.00001e-01 7.10607e-01
1.68000e+03 5.00001e-01 7.10609e-01
1.69000e+03 5.00001e-01 7.10612e-01
1.70000e+03 5.00001e-01 7.10615e-01
1.71000e+03 5.00001e-01 7.10617e-01
1.72000e+03 5.00001e-01 7.10620e-01
1.73000e+03 5.00001e-01 7.10622e-01
1.74000e+03 5.00001e-01 7.10625e-01
1.75000e+03 5.00001e-01 7.10627e-01
1.76000e+03 5.00001e-01 7.10630e-01
1.77000e+03 5.00001e-01 7.10633e-01
1.78000e+03 5.00001e-01 7.10635e-01
1.79000e+03 5.00001e-01 7.10638e-01
1.80000e+03 5.00001e-01 7.10640e-01
1.81000e+03 5.00001e-01 7.10643e-01
1.82000e+03 5.00001e-01 7.10645e-01
1.83000e+03 5.00001e-01 7.10648e-01
1.84000e+03 5.00001e-01 7.10651e-01
1.85000e+03 5.00001e-01 7.10653e-01
1.86000e+03 5.00001e-01 7.10656e-01
1.87000e+03 5.00001e-01 7.10658e-01
1.88000e+03 5.00001e-01 7.10661e-01
1.89000e+03 5.00001e-01 7.10664e-01
1.90000e+03 5.00001e-01 7.10666e-01
1.91000e+03 5.00001e-01 7.10669e-01
1.92000e+03 5.00001e-01 7.10672e-01
1.93000e+03 5.00001e-01 7.10674e-01
1.94000e+03 5.00001e-01 7.10677e-01
1.95000e+03 5.00001e-01 7.10679e-01
1.96000e+03 5.00001e-01 7.10682e-01
1.97000e+03 5.00001e-01 7.10685e-01
1.98000e+03 5.00001e-01 7.10687e-01
1.99000e+03 5.00001e-01 7.10690e-01
2.00000e+03 5.00001e-01 7.10693e-01
