1.00000e+01 5.00046e-01 8.06410e-08
2.00000e+01 5.00046e-01 -1.67260e-07
3.00000e+01 5.00046e-01 -4.64405e-07
4.00000e+01 5.00046e-01 -8.20095e-07
5.00000e+01 5.00045e-01 -1.24543e-06
6.00000e+01 5.00045e-01 -1.75366e-06
7.00000e+01 5.00045e-01 -2.36059e-06
8.00000e+01 5.00045e-01 -3.08510e-06
9.00000e+01 5.00045e-01 -3.94968e-06
1.00000e+02 5.00045e-01 -4.98114e-06
1.10000e+02 5.00045e-01 -6.21145e-06
1.20000e+02 5.00045e-01 -7.67866e-06
1.30000e+02 5.00045e-01 -9.42807e-06
1.40000e+02 5.00045e-01 -1.15136e-05
1.50000e+02 5.00045e-01 -1.39992e-05
1.60000e+02 5.00045e-01 -1.69611e-05
1.70000e+02 5.00045e-01 -2.04895e-05
1.80000e+02 5.00045e-01 -2.46915e-05
1.90000e+02 5.00045e-01 -2.96939e-05
2.00000e+02 5.00045e-01 -3.56465e-05
2.10000e+02 5.00045e-01 -4.27267e-05
2.20000e+02 5.00045e-01 -5.11434e-05
2.30000e+02 5.00045e-01 -6.11427e-05
2.40000e+02 5.00045e-01 -7.30139e-05
2.50000e+02 5.00045e-01 -8.70964e-05
2.60000e+02 5.00045e-01 -1.03787e-04
2.70000e+02 5.00044e-01 -1.23550e-04
2.80000e+02 5.00044e-01 -1.46924e-04
2.90000e+02 5.00044e-01 -1.74535e-04
3.00000e+02 5.00044e-01 -2.07104e-04
3.10000e+02 5.00044e-01 -2.45462e-04
3.20000e+02 5.00044e-01 -2.90560e-04
3.30000e+02 5.00044e-01 -3.43479e-04
3.40000e+02 5.00044e-01 -4.05441e-04
3.50000e+02 5.00044e-01 -4.77817e-04
3.60000e+02 5.00044e-01 -5.62134e-04
3.70000e+02 5.00044e-01 -6.60073e-04
3.80000e+02 5.00044e-01 -7.73467e-04
3.90000e+02 5.00044e-01 -9.04291e-04
4.00000e+02 5.00044e-01 -1.05464e-03
4.10000e+02 5.00044e-01 -1.22670e-03
4.20000e+02 5.00044e-01 -1.42270e-03
4.30000e+02 5.00044e-01 -1.64489e-03
4.40000e+02 5.00044e-01 -1.89546e-03
4.50000e+02 5.00044e-01 -2.17644e-03
4.60000e+02 5.00044e-01 -2.48972e-03
4.70000e+02 5.00044e-01 -2.83686e-03
4.80000e+02 5.00044e-01 -3.21913e-03
4.90000e+02 5.00044e-01 -3.63738e-03
5.00000e+02 5.00043e-01 -4.09203e-03
5.10000e+02 5.00043e-01 -4.58307e-03
5.20000e+02 5.00043e-01 -5.11004e-03
5.30000e+02 5.00043e-01 -5.67208e-03
5.40000e+02 5.00043e-01 -6.26796e-03
5.50000e+02 5.00043e-01 -6.89622e-03
5.60000e+02 5.00043e-01 -7.55520e-03
5.70000e+02 5.00043e-01 -8.24315e-03
5.80000e+02 5.00043e-01 -8.95835e-03
5.90000e+02 5.00043e-01 -9.69916e-03
6.00000e+02 5.00043e-01 -1.04641e-02
6.10000e+02 5.00043e-01 -1.12520e-02
6.20000e+02 5.00043e-01 -1.20618e-02
6.30000e+02 5.00043e-01 -1.28929e-02
6.40000e+02 5.00043e-01 -1.37449e-02
6.50000e+02 5.00043e-01 -1.46175e-02
6.60000e+02 5.00043e-01 -1.55110e-02
6.70000e+02 5.00043e-01 -1.64257e-02
6.80000e+02 5.00043e-01 -1.73621e-02
6.90000e+02 5.00043e-01 -1.83209e-02
7.00000e+02 5.00043e-01 -1.93029e-02
7.10000e+02 5.00043e-01 -2.03090e-02
7.20000e+02 5.00043e-01 -2.13403e-02
7.30000e+02 5.00042e-01 -2.23976e-02
7.40000e+02 5.00042e-01 -2.34819e-02
7.50000e+02 5.00042e-01 -2.45943e-02
7.60000e+02 5.00042e-01 -2.57356e-02
7.70000e+02 5.00042e-01 -2.69067e-02
7.80000e+02 5.00042e-01 -2.81083e-02
7.90000e+02 5.00042e-01 -2.93411e-02
8.00000e+02 5.00042e-01 -3.06057e-02
8.10000e+02 5.00042e-01 -3.19024e-02
8.20000e+02 5.00042e-01 -3.32317e-02
8.30000e+02 5.00042e-01 -3.45935e-02
8.40000e+02 5.00042e-01 -3.59879e-02
8.50000e+02 5.00042e-01 -3.74148e-02
8.60000e+02 5.00042e-01 -3.88737e-02
8.70000e+02 5.00042e-01 -4.03642e-02
8.80000e+02 5.00042e-01 -4.18855e-02
8.90000e+02 5.00042e-01 -4.34369e-02
9.00000e+02 5.00042e-01 -4.50172e-02
9.10000e+02 5.00042e-01 -4.66252e-02
9.20000e+02 5.00042e-01 -4.82596e-02
9.30000e+02 5.00042e-01 -4.99188e-02
9.40000e+02 5.00042e-01 -5.16010e-02
9.50000e+02 5.00042e-01 -5.33046e-02
9.60000e+02 5.00042e-01 -5.50274e-02
9.70000e+02 5.00041e-01 -5.67674e-02
9.80000e+02 5.00041e-01 -5.85224e-02
9.90000e+02 5.00041e-01 -6.02901e-02
1.00000e+03 5.00041e-01 -6.20682e-02
1.01000e+03 5.00041e-01 -6.38543e-02
1.02000e+03 5.00041e-01 -6.56459e-02
1.03000e+03 5.00041e-01 -6.74407e-02
1.04000e+03 5.00041e-01 -6.92362e-02
1.05000e+03 5.00041e-01 -7.10299e-02
1.06000e+03 5.00041e-01 -7.28195e-02
1.07000e+03 5.00041e-01 -7.46028e-02
1.08000e+03 5.00041e-01 -7.63773e-02
1.09000e+03 5.00041e-01 -7.81409e-02
1.10000e+03 5.00041e-01 -7.98916e-02
1.11000e+03 5.00041e-01 -8.16274e-02
1.12000e+03 5.00041e-01 -8.33462e-02
1.13000e+03 5.00041e-01 -8.50464e-02
1.14000e+03 5.00041e-01 -8.67262e-02
1.15000e+03 5.00041e-01 -8.83841e-02
1.16000e+03 5.00041e-01 -9.00187e-02
1.17000e+03 5.00041e-01 -9.16286e-02
1.18000e+03 5.00041e-01 -9.32125e-02
1.19000e+03 5.00041e-01 -9.47694e-02
1.20000e+03 5.00041e-01 -9.62983e-02
1.21000e+03 5.00040e-01 -9.77983e-02
1.22000e+03 5.00040e-01 -9.92686e-02
1.23000e+03 5.00040e-01 -1.00708e-01
1.24000e+03 5.00040e-01 -1.02117e-01
1.25000e+03 5.00040e-01 -1.03495e-01
1.26000e+03 5.00040e-01 -1.04840e-01
1.27000e+03 5.00040e-01 -1.06153e-01
1.28000e+03 5.00040e-01 -1.07433e-01
1.29000e+03 5.00040e-01 -1.08681e-01
1.30000e+03 5.00040e-01 -1.09896e-01
1.31000e+03 5.00040e-01 -1.11077e-01
1.32000e+03 5.00040e-01 -1.12226e-01
1.33000e+03 5.00040e-01 -1.13342e-01
1.34000e+03 5.00040e-01 -1.14424e-01
1.35000e+03 5.00040e-01 -1.15474e-01
1.36000e+03 5.00040e-01 -1.16490e-01
1.37000e+03 5.00040e-01 -1.17475e-01
1.38000e+03 5.00040e-01 -1.18427e-01
1.39000e+03 5.00040e-01 -1.19346e-01
1.40000e+03 5.00040e-01 -1.20234e-01
1.41000e+03 5.00040e-01 -1.21090e-01
1.42000e+03 5.00040e-01 -1.21915e-01
1.43000e+03 5.00040e-01 -1.22709e-01
1.44000e+03 5.00040e-01 -1.23472e-01
1.45000e+03 5.00040e-01 -1.24205e-01
1.46000e+03 5.00039e-01 -1.24908e-01
1.47000e+03 5.00039e-01 -1.25581e-01
1.48000e+03 5.00039e-01 -1.26226e-01
1.49000e+03 5.00039e-01 -1.26841e-01
1.50000e+03 5.00039e-01 -1.27428e-01
1.51000e+03 5.00039e-01 -1.27987e-01
1.52000e+03 5.00039e-01 -1.28519e-01
1.53000e+03 5.00039e-01 -1.29024e-01
1.54000e+03 5.00039e-01 -1.29502e-01
1.55000e+03 5.00039e-01 -1.29953e-01
1.56000e+03 5.00039e-01 -1.30379e-01
1.57000e+03 5.00039e-01 -1.30779e-01
1.58000e+03 5.00039e-01 -1.31155e-01
1.59000e+03 5.00039e-01 -1.31506e-01
1.60000e+03 5.00039e-01 -1.31833e-01
1.61000e+03 5.00039e-01 -1.32136e-01
1.62000e+03 5.00039e-01 -1.32416e-01
1.63000e+03 5.00039e-01 -1.32674e-01
1.64000e+03 5.00039e-01 -1.32909e-01
1.65000e+03 5.00039e-01 -1.33122e-01
1.66000e+03 5.00039e-01 -1.33314e-01
1.67000e+03 5.00039e-01 -1.33485e-01
1.68000e+03 5.00039e-01 -1.33635e-01
1.69000e+03 5.00039e-01 -1.33765e-01
1.70000e+03 5.00039e-01 -1.33876e-01
1.71000e+03 5.00039e-01 -1.33967e-01
1.72000e+03 5.00038e-01 -1.34039e-01
1.73000e+03 5.00038e-01 -1.34093e-01
1.74000e+03 5.00038e-01 -1.34129e-01
1.75000e+03 5.00038e-01 -1.34148e-01
1.76000e+03 5.00038e-01 -1.34149e-01
1.77000e+03 5.00038e-01 -1.34134e-01
1.78000e+03 5.00038e-01 -1.34103e-01
1.79000e+03 5.00038e-01 -1.34055e-01
1.80000e+03 5.00038e-01 -1.33992e-01
1.81000e+03 5.00038e-01 -1.33915e-01
1.82000e+03 5.00038e-01 -1.33822e-01
1.83000e+03 5.00038e-01 -1.33716e-01
1.84000e+03 5.00038e-01 -1.33595e-01
1.85000e+03 5.00038e-01 -1.33462e-01
1.86000e+03 5.00038e-01 -1.33315e-01
1.87000e+03 5.00038e-01 -1.33156e-01
1.88000e+03 5.00038e-01 -1.32985e-01
1.89000e+03 5.00038e-01 -1.32802e-01
1.90000e+03 5.00038e-01 -1.32607e-01
1.91000e+03 5.00038e-01 -1.32402e-01
1.92000e+03 5.00038e-01 -1.32186e-01
1.93000e+03 5.00038e-01 -1.31960e-01
1.94000e+03 5.00038e-01 -1.31724e-01
1.95000e+03 5.00038e-01 -1.31478e-01
1.96000e+03 5.00038e-01 -1.31224e-01
1.97000e+03 5.00038e-01 -1.30961e-01
1.98000e+03 5.00037e-01 -1.30689e-01
1.99000e+03 5.00037e-01 -1.30410e-01
2.00000e+03 5.00037e-01 -1.30123e-01
