1.00000e+01 5.00078e-01 -5.02254e-02
2.00000e+01 5.00077e-01 -5.54480e-02
3.00000e+01 5.00076e-01 -6.12057e-02
4.00000e+01 5.00075e-01 -6.75506e-02
5.00000e+01 5.00074e-01 -7.45392e-02
6.00000e+01 5.00074e-01 -8.22318e-02
7.00000e+01 5.00073e-01 -9.06932e-02
8.00000e+01 5.00072e-01 -9.99918e-02
9.00000e+01 5.00072e-01 -1.10199e-01
1.00000e+02 5.00071e-01 -1.21390e-01
1.10000e+02 5.00070e-01 -1.33638e-01
1.20000e+02 5.00069e-01 -1.47020e-01
1.30000e+02 5.00069e-01 -1.61606e-01
1.40000e+02 5.00068e-01 -1.77462e-01
1.50000e+02 5.00067e-01 -1.94643e-01
1.60000e+02 5.00067e-01 -2.13188e-01
1.70000e+02 5.00066e-01 -2.33117e-01
1.80000e+02 5.00065e-01 -2.54418e-01
1.90000e+02 5.00065e-01 -2.77047e-01
2.00000e+02 5.00064e-01 -3.00917e-01
2.10000e+02 5.00063e-01 -3.25892e-01
2.20000e+02 5.00063e-01 -3.51784e-01
2.30000e+02 5.00062e-01 -3.78352e-01
2.40000e+02 5.00062e-01 -4.05304e-01
2.50000e+02 5.00061e-01 -4.32311e-01
2.60000e+02 5.00060e-01 -4.59013e-01
2.70000e+02 5.00060e-01 -4.85048e-01
2.80000e+02 5.00059e-01 -5.10066e-01
2.90000e+02 5.00059e-01 -5.33753e-01
3.00000e+02 5.00058e-01 -5.55853e-01
3.10000e+02 5.00057e-01 -5.76175e-01
3.20000e+02 5.00057e-01 -5.94604e-01
3.30000e+02 5.00056e-01 -6.11099e-01
3.40000e+02 5.00056e-01 -6.25684e-01
3.50000e+02 5.00055e-01 -6.38438e-01
3.60000e+02 5.00055e-01 -6.49480e-01
3.70000e+02 5.00054e-01 -6.58957e-01
3.80000e+02 5.00054e-01 -6.67027e-01
3.90000e+02 5.00053e-01 -6.73853e-01
4.00000e+02 5.00052e-01 -6.79594e-01
4.10000e+02 5.00052e-01 -6.84398e-01
4.20000e+02 5.00051e-01 -6.88403e-01
4.30000e+02 5.00051e-01 -6.91730e-01
4.40000e+02 5.00050e-01 -6.94485e-01
4.50000e+02 5.00050e-01 -6.96761e-01
4.60000e+02 5.00049e-01 -6.98637e-01
4.70000e+02 5.00049e-01 -7.00182e-01
4.80000e+02 5.00048e-01 -7.01452e-01
4.90000e+02 5.00048e-01 -7.02495e-01
5.00000e+02 5.00047e-01 -7.03350e-01
5.10000e+02 5.00047e-01 -7.04051e-01
5.20000e+02 5.00047e-01 -7.04625e-01
5.30000e+02 5.00046e-01 -7.05095e-01
5.40000e+02 5.00046e-01 -7.05480e-01
5.50000e+02 5.00045e-01 -7.05794e-01
5.60000e+02 5.00045e-01 -7.06051e-01
5.70000e+02 5.00044e-01 -7.06261e-01
5.80000e+02 5.00044e-01 -7.06433e-01
5.90000e+02 5.00043e-01 -7.06573e-01
6.00000e+02 5.00043e-01 -7.06688e-01
6.10000e+02 5.00043e-01 -7.06781e-01
6.20000e+02 5.00042e-01 -7.06857e-01
6.30000e+02 5.00042e-01 -7.06919e-01
6.40000e+02 5.00041e-01 -7.06970e-01
6.50000e+02 5.00041e-01 -7.07011e-01
6.60000e+02 5.00040e-01 -7.07044e-01
6.70000e+02 5.00040e-01 -7.07071e-01
6.80000e+02 5.00040e-01 -7.07093e-01
6.90000e+02 5.00039e-01 -7.07111e-01
7.00000e+02 5.00039e-01 -7.07126e-01
7.10000e+02 5.00038e-01 -7.07137e-01
7.20000e+02 5.00038e-01 -7.07147e-01
7.30000e+02 5.00038e-01 -7.07154e-01
7.40000e+02 5.00037e-01 -7.07160e-01
7.50000e+02 5.00037e-01 -7.07165e-01
7.60000e+02 5.00037e-01 -7.07169e-01
7.70000e+02 5.00036e-01 -7.07172e-01
7.80000e+02 5.00036e-01 -7.07174e-01
7.90000e+02 5.00036e-01 -7.07176e-01
8.00000e+02 5.00035e-01 -7.07177e-01
8.10000e+02 5.00035e-01 -7.07178e-01
8.20000e+02 5.00034e-01 -7.07178e-01
8.30000e+02 5.00034e-01 -7.07179e-01
8.40000e+02 5.00034e-01 -7.07179e-01
8.50000e+02 5.00033e-01 -7.07179e-01
8.60000e+02 5.00033e-01 -7.07179e-01
8.70000e+02 5.00033e-01 -7.07178e-01
8.80000e+02 5.00032e-01 -7.07178e-01
8.90000e+02 5.00032e-01 -7.07178e-01
9.00000e+02 5.00032e-01 -7.07177e-01
9.10000e+02 5.00032e-01 -7.07177e-01
9.20000e+02 5.00031e-01 -7.07176e-01
9.30000e+02 5.00031e-01 -7.07176e-01
9.40000e+02 5.00031e-01 -7.07175e-01
9.50000e+02 5.00030e-01 -7.07174e-01
9.60000e+02 5.00030e-01 -7.07174e-01
9.70000e+02 5.00030e-01 -7.07173e-01
9.80000e+02 5.00029e-01 -7.07173e-01
9.90000e+02 5.00029e-01 -7.07172e-01
1.00000e+03 5.00029e-01 -7.07171e-01
1.01000e+03 5.00029e-01 -7.07171e-01
1.02000e+03 5.00028e-01 -7.07170e-01
1.03000e+03 5.00028e-01 -7.07170e-01
1.04000e+03 5.00028e-01 -7.07169e-01
1.05000e+03 5.00027e-01 -7.07168e-01
1.06000e+03 5.00027e-01 -7.07168e-01
1.07000e+03 5.00027e-01 -7.07167e-01
1.08000e+03 5.00027e-01 -7.07167e-01
1.09000e+03 5.00026e-01 -7.07166e-01
1.10000e+03 5.00026e-01 -7.07165e-01
1.11000e+03 5.00026e-01 -7.07165e-01
1.12000e+03 5.00026e-01 -7.07164e-01
1.13000e+03 5.00025e-01 -7.07164e-01
1.14000e+03 5.00025e-01 -7.07163e-01
1.15000e+03 5.00025e-01 -7.07163e-01
1.16000e+03 5.00025e-01 -7.07162e-01
1.17000e+03 5.00024e-01 -7.07161e-01
1.18000e+03 5.00024e-01 -7.07161e-01
1.19000e+03 5.00024e-01 -7.07160e-01
1.20000e+03 5.00024e-01 -7.07160e-01
1.21000e+03 5.00023e-01 -7.07159e-01
1.22000e+03 5.00023e-01 -7.07159e-01
1.23000e+03 5.00023e-01 -7.07158e-01
1.24000e+03 5.00023e-01 -7.07158e-01
1.25000e+03 5.00022e-01 -7.07157e-01
1.26000e+03 5.00022e-01 -7.07157e-01
1.27000e+03 5.00022e-01 -7.07156e-01
1.28000e+03 5.00022e-01 -7.07156e-01
1.29000e+03 5.00022e-01 -7.07155e-01
1.30000e+03 5.00021e-01 -7.07155e-01
1.31000e+03 5.00021e-01 -7.07154e-01
1.32000e+03 5.00021e-01 -7.07154e-01
1.33000e+03 5.00021e-01 -7.07153e-01
1.34000e+03 5.00020e-01 -7.07153e-01
1.35000e+03 5.00020e-01 -7.07152e-01
1.36000e+03 5.00020e-01 -7.07152e-01
1.37000e+03 5.00020e-01 -7.07152e-01
1.38000e+03 5.00020e-01 -7.07151e-01
1.39000e+03 5.00019e-01 -7.07151e-01
1.40000e+03 5.00019e-01 -7.07150e-01
1.41000e+03 5.00019e-01 -7.07150e-01
1.42000e+03 5.00019e-01 -7.07149e-01
1.43000e+03 5.00019e-01 -7.07149e-01
1.44000e+03 5.00019e-01 -7.07149e-01
1.45000e+03 5.00018e-01 -7.07148e-01
1.46000e+03 5.00018e-01 -7.07148e-01
1.47000e+03 5.00018e-01 -7.07147e-01
1.48000e+03 5.00018e-01 -7.07147e-01
1.49000e+03 5.00018e-01 -7.07147e-01
1.50000e+03 5.00017e-01 -7.07146e-01
1.51000e+03 5.00017e-01 -7.07146e-01
1.52000e+03 5.00017e-01 -7.07145e-01
1.53000e+03 5.00017e-01 -7.07145e-01
1.54000e+03 5.00017e-01 -7.07145e-01
1.55000e+03 5.00017e-01 -7.07144e-01
1.56000e+03 5.00016e-01 -7.07144e-01
1.57000e+03 5.00016e-01 -7.07143e-01
1.58000e+03 5.00016e-01 -7.07143e-01
1.59000e+03 5.00016e-01 -7.07143e-01
1.60000e+03 5.00016e-01 -7.07142e-01
1.61000e+03 5.00016e-01 -7.07142e-01
1.62000e+03 5.00015e-01 -7.07142e-01
1.63000e+03 5.00015e-01 -7.07141e-01
1.64000e+03 5.00015e-01 -7.07141e-01
1.65000e+03 5.00015e-01 -7.07141e-01
1.66000e+03 5.00015e-01 -7.07140e-01
1.67000e+03 5.00015e-01 -7.07140e-01
1.68000e+03 5.00015e-01 -7.07140e-01
1.69000e+03 5.00014e-01 -7.07139e-01
1.70000e+03 5.00014e-01 -7.07139e-01
1.71000e+03 5.00014e-01 -7.07139e-01
1.72000e+03 5.00014e-01 -7.07138e-01
1.73000e+03 5.00014e-01 -7.07138e-01
1.74000e+03 5.00014e-01 -7.07138e-01
1.75000e+03 5.00014e-01 -7.07137e-01
1.76000e+03 5.00013e-01 -7.07137e-01
1.77000e+03 5.00013e-01 -7.07137e-01
1.78000e+03 5.00013e-01 -7.07137e-01
1.79000e+03 5.00013e-01 -7.07136e-01
1.80000e+03 5.00013e-01 -7.07136e-01
1.81000e+03 5.00013e-01 -7.07136e-01
1.82000e+03 5.00013e-01 -7.07135e-01
1.83000e+03 5.00013e-01 -7.07135e-01
1.84000e+03 5.00012e-01 -7.07135e-01
1.85000e+03 5.00012e-01 -7.07135e-01
1.86000e+03 5.00012e-01 -7.07134e-01
1.87000e+03 5.00012e-01 -7.07134e-01
1.88000e+03 5.00012e-01 -7.07134e-01
1.89000e+03 5.00012e-01 -7.07133e-01
1.90000e+03 5.00012e-01 -7.07133e-01
1.91000e+03 5.00012e-01 -7.07133e-01
1.92000e+03 5.00011e-01 -7.07133e-01
1.93000e+03 5.00011e-01 -7.07132e-01
1.94000e+03 5.00011e-01 -7.07132e-01
1.95000e+03 5.00011e-01 -7.07132e-01
1.96000e+03 5.00011e-01 -7.07132e-01
1.97000e+03 5.00011e-01 -7.07131e-01
1.98000e+03 5.00011e-01 -7.07131e-01
1.99000e+03 5.00011e-01 -7.07131e-01
2.00000e+03 5.00011e-01 -7.07131e-01
