1.00000e+01 5.00135e-01 7.07419e-01
2.00000e+01 5.00135e-01 7.07419e-01
3.00000e+01 5.00135e-01 7.07418e-01
4.00000e+01 5.00134e-01 7.07418e-01
5.00000e+01 5.00134e-01 7.07417e-01
6.00000e+01 5.00134e-01 7.07417e-01
7.00000e+01 5.00134e-01 7.07417e-01
8.00000e+01 5.00133e-01 7.07416e-01
9.00000e+01 5.00133e-01 7.07416e-01
1.00000e+02 5.00133e-01 7.07415e-01
1.10000e+02 5.00133e-01 7.07415e-01
1.20000e+02 5.00132e-01 7.07415e-01
1.30000e+02 5.00132e-01 7.07414e-01
1.40000e+02 5.00132e-01 7.07414e-01
1.50000e+02 5.00132e-01 7.07414e-01
1.60000e+02 5.00131e-01 7.07413e-01
1.70000e+02 5.00131e-01 7.07413e-01
1.80000e+02 5.00131e-01 7.07413e-01
1.90000e+02 5.00130e-01 7.07412e-01
2.00000e+02 5.00130e-01 7.07412e-01
2.10000e+02 5.00130e-01 7.07411e-01
2.20000e+02 5.00130e-01 7.07411e-01
2.30000e+02 5.00129e-01 7.07411e-01
2.40000e+02 5.00129e-01 7.07410e-01
2.50000e+02 5.00129e-01 7.07410e-01
2.60000e+02 5.00129e-01 7.07410e-01
2.70000e+02 5.00128e-01 7.07409e-01
2.80000e+02 5.00128e-01 7.07409e-01
2.90000e+02 5.00128e-01 7.07409e-01
3.00000e+02 5.00128e-01 7.07408e-01
3.10000e+02 5.00127e-01 7.07408e-01
3.20000e+02 5.00127e-01 7.07408e-01
3.30000e+02 5.00127e-01 7.07407e-01
3.40000e+02 5.00127e-01 7.07407e-01
3.50000e+02 5.00126e-01 7.07407e-01
3.60000e+02 5.00126e-01 7.07407e-01
3.70000e+02 5.00126e-01 7.07406e-01
3.80000e+02 5.00126e-01 7.07406e-01
3.90000e+02 5.00125e-01 7.07406e-01
4.00000e+02 5.00125e-01 7.07405e-01
4.10000e+02 5.00125e-01 7.07405e-01
4.20000e+02 5.00125e-01 7.07405e-01
4.30000e+02 5.00124e-01 7.07405e-01
4.40000e+02 5.00124e-01 7.07404e-01
4.50000e+02 5.00124e-01 7.07404e-01
4.60000e+02 5.00124e-01 7.07404e-01
4.70000e+02 5.00123e-01 7.07403e-01
4.80000e+02 5.00123e-01 7.07403e-01
4.90000e+02 5.00123e-01 7.07403e-01
5.00000e+02 5.00123e-01 7.07403e-01
5.10000e+02 5.00122e-01 7.07402e-01
5.20000e+02 5.00122e-01 7.07402e-01
5.30000e+02 5.00122e-01 7.07402e-01
5.40000e+02 5.00122e-01 7.07402e-01
5.50000e+02 5.00121e-01 7.07401e-01
5.60000e+02 5.00121e-01 7.07401e-01
5.70000e+02 5.00121e-01 7.07401e-01
5.80000e+02 5.00121e-01 7.07401e-01
5.90000e+02 5.00120e-01 7.07400e-01
6.00000e+02 5.00120e-01 7.07400e-01
6.10000e+02 5.00120e-01 7.07400e-01
6.20000e+02 5.00120e-01 7.07400e-01
6.30000e+02 5.00119e-01 7.07399e-01
6.40000e+02 5.00119e-01 7.07399e-01
6.50000e+02 5.00119e-01 7.07399e-01
6.60000e+02 5.00119e-01 7.07399e-01
6.70000e+02 5.00119e-01 7.07399e-01
6.80000e+02 5.00118e-01 7.07398e-01
6.90000e+02 5.00118e-01 7.07398e-01
7.00000e+02 5.00118e-01 7.07398e-01
7.10000e+02 5.00118e-01 7.07398e-01
7.20000e+02 5.00117e-01 7.07398e-01
7.30000e+02 5.00117e-01 7.07397e-01
7.40000e+02 5.00117e-01 7.07397e-01
7.50000e+02 5.00117e-01 7.07397e-01
7.60000e+02 5.00116e-01 7.07397e-01
7.70000e+02 5.00116e-01 7.07397e-01
7.80000e+02 5.00116e-01 7.07397e-01
7.90000e+02 5.00116e-01 7.07396e-01
8.00000e+02 5.00115e-01 7.07396e-01
8.10000e+02 5.00115e-01 7.07396e-01
8.20000e+02 5.00115e-01 7.07396e-01
8.30000e+02 5.00115e-01 7.07396e-01
8.40000e+02 5.00115e-01 7.07396e-01
8.50000e+02 5.00114e-01 7.07395e-01
8.60000e+02 5.00114e-01 7.07395e-01
8.70000e+02 5.00114e-01 7.07395e-01
8.80000e+02 5.00114e-01 7.07395e-01
8.90000e+02 5.00113e-01 7.07395e-01
9.00000e+02 5.00113e-01 7.07395e-01
9.10000e+02 5.00113e-01 7.07395e-01
9.20000e+02 5.00113e-01 7.07395e-01
9.30000e+02 5.00113e-01 7.07394e-01
9.40000e+02 5.00112e-01 7.07394e-01
9.50000e+02 5.00112e-01 7.07394e-01
9.60000e+02 5.00112e-01 7.07394e-01
9.70000e+02 5.00112e-01 7.07394e-01
9.80000e+02 5.00111e-01 7.07394e-01
9.90000e+02 5.00111e-01 7.07394e-01
1.00000e+03 5.00111e-01 7.07394e-01
1.01000e+03 5.00111e-01 7.07394e-01
1.02000e+03 5.00111e-01 7.07394e-01
1.03000e+03 5.00110e-01 7.07394e-01
1.04000e+03 5.00110e-01 7.07393e-01
1.05000e+03 5.00110e-01 7.07393e-01
1.06000e+03 5.00110e-01 7.07393e-01
1.07000e+03 5.00109e-01 7.07393e-01
1.08000e+03 5.00109e-01 7.07393e-01
1.09000e+03 5.00109e-01 7.07393e-01
1.10000e+03 5.00109e-01 7.07393e-01
1.11000e+03 5.00109e-01 7.07393e-01
1.12000e+03 5.00108e-01 7.07393e-01
1.13000e+03 5.00108e-01 7.07393e-01
1.14000e+03 5.00108e-01 7.07393e-01
1.15000e+03 5.00108e-01 7.07393e-01
1.16000e+03 5.00107e-01 7.07393e-01
1.17000e+03 5.00107e-01 7.07393e-01
1.18000e+03 5.00107e-01 7.07393e-01
1.19000e+03 5.00107e-01 7.07393e-01
1.20000e+03 5.00107e-01 7.07393e-01
1.21000e+03 5.00106e-01 7.07393e-01
1.22000e+03 5.00106e-01 7.07393e-01
1.23000e+03 5.00106e-01 7.07393e-01
1.24000e+03 5.00106e-01 7.07393e-01
1.25000e+03 5.00106e-01 7.07393e-01
1.26000e+03 5.00105e-01 7.07393e-01
1.27000e+03 5.00105e-01 7.07393e-01
1.28000e+03 5.00105e-01 7.07393e-01
1.29000e+03 5.00105e-01 7.07393e-01
1.30000e+03 5.00105e-01 7.07393e-01
1.31000e+03 5.00104e-01 7.07393e-01
1.32000e+03 5.00104e-01 7.07393e-01
1.33000e+03 5.00104e-01 7.07393e-01
1.34000e+03 5.00104e-01 7.07394e-01
1.35000e+03 5.00103e-01 7.07394e-01
1.36000e+03 5.00103e-01 7.07394e-01
1.37000e+03 5.00103e-01 7.07394e-01
1.38000e+03 5.00103e-01 7.07394e-01
1.39000e+03 5.00103e-01 7.07394e-01
1.40000e+03 5.00102e-01 7.07394e-01
1.41000e+03 5.00102e-01 7.07394e-01
1.42000e+03 5.00102e-01 7.07394e-01
1.43000e+03 5.00102e-01 7.07394e-01
1.44000e+03 5.00102e-01 7.07395e-01
1.45000e+03 5.00101e-01 7.07395e-01
1.46000e+03 5.00101e-01 7.07395e-01
1.47000e+03 5.00101e-01 7.07395e-01
1.48000e+03 5.00101e-01 7.07395e-01
1.49000e+03 5.00101e-01 7.07395e-01
1.50000e+03 5.00100e-01 7.07395e-01
1.51000e+03 5.00100e-01 7.07396e-01
1.52000e+03 5.00100e-01 7.07396e-01
1.53000e+03 5.00100e-01 7.07396e-01
1.54000e+03 5.00100e-01 7.07396e-01
1.55000e+03 5.00099e-01 7.07396e-01
1.56000e+03 5.00099e-01 7.07396e-01
1.57000e+03 5.00099e-01 7.07397e-01
1.58000e+03 5.00099e-01 7.07397e-01
1.59000e+03 5.00099e-01 7.07397e-01
1.60000e+03 5.00098e-01 7.07397e-01
1.61000e+03 5.00098e-01 7.07397e-01
1.62000e+03 5.00098e-01 7.07398e-01
1.63000e+03 5.00098e-01 7.07398e-01
1.64000e+03 5.00098e-01 7.07398e-01
1.65000e+03 5.00097e-01 7.07398e-01
1.66000e+03 5.00097e-01 7.07399e-01
1.67000e+03 5.00097e-01 7.07399e-01
1.68000e+03 5.00097e-01 7.07399e-01
1.69000e+03 5.00097e-01 7.07399e-01
1.70000e+03 5.00096e-01 7.07400e-01
1.71000e+03 5.00096e-01 7.07400e-01
1.72000e+03 5.00096e-01 7.07400e-01
1.73000e+03 5.00096e-01 7.07401e-01
1.74000e+03 5.00096e-01 7.07401e-01
1.75000e+03 5.00096e-01 7.07401e-01
1.76000e+03 5.00095e-01 7.07402e-01
1.77000e+03 5.00095e-01 7.07402e-01
1.78000e+03 5.00095e-01 7.07402e-01
1.79000e+03 5.00095e-01 7.07403e-01
1.80000e+03 5.00095e-01 7.07403e-01
1.81000e+03 5.00094e-01 7.07403e-01
1.82000e+03 5.00094e-01 7.07404e-01
1.83000e+03 5.00094e-01 7.07404e-01
1.84000e+03 5.00094e-01 7.07404e-01
1.85000e+03 5.00094e-01 7.07405e-01
1.86000e+03 5.00093e-01 7.07405e-01
1.87000e+03 5.00093e-01 7.07405e-01
1.88000e+03 5.00093e-01 7.07406e-01
1.89000e+03 5.00093e-01 7.07406e-01
1.90000e+03 5.00093e-01 7.07407e-01
1.91000e+03 5.00093e-01 7.07407e-01
1.92000e+03 5.00092e-01 7.07408e-01
1.93000e+03 5.00092e-01 7.07408e-01
1.94000e+03 5.00092e-01 7.07408e-01
1.95000e+03 5.00092e-01 7.07409e-01
1.96000e+03 5.00092e-01 7.07409e-01
1.97000e+03 5.00091e-01 7.07410e-01
1.98000e+03 5.00091e-01 7.07410e-01
1.99000e+03 5.00091e-01 7.07411e-01
2.00000e+03 5.00091e-01 7.07411e-01
