1.00000e+01 4.99912e-01 3.31433e-04
2.00000e+01 4.99913e-01 3.66003e-04
3.00000e+01 4.99914e-01 4.04129e-04
4.00000e+01 4.99915e-01 4.46215e-04
5.00000e+01 4.99916e-01 4.92685e-04
6.00000e+01 4.99916e-01 5.44001e-04
7.00000e+01 4.99917e-01 6.00674e-04
8.00000e+01 4.99918e-01 6.63263e-04
9.00000e+01 4.99919e-01 7.32386e-04
1.00000e+02 4.99920e-01 8.08727e-04
1.10000e+02 4.99920e-01 8.93040e-04
1.20000e+02 4.99921e-01 9.86156e-04
1.30000e+02 4.99922e-01 1.08900e-03
1.40000e+02 4.99923e-01 1.20258e-03
1.50000e+02 4.99924e-01 1.32802e-03
1.60000e+02 4.99924e-01 1.46656e-03
1.70000e+02 4.99925e-01 1.61957e-03
1.80000e+02 4.99926e-01 1.78857e-03
1.90000e+02 4.99927e-01 1.97521e-03
2.00000e+02 4.99927e-01 2.18135e-03
2.10000e+02 4.99928e-01 2.40902e-03
2.20000e+02 4.99929e-01 2.66048e-03
2.30000e+02 4.99929e-01 2.93820e-03
2.40000e+02 4.99930e-01 3.24494e-03
2.50000e+02 4.99931e-01 3.58371e-03
2.60000e+02 4.99932e-01 3.95788e-03
2.70000e+02 4.99932e-01 4.37113e-03
2.80000e+02 4.99933e-01 4.82755e-03
2.90000e+02 4.99934e-01 5.33164e-03
3.00000e+02 4.99934e-01 5.88839e-03
3.10000e+02 4.99935e-01 6.50329e-03
3.20000e+02 4.99936e-01 7.18240e-03
3.30000e+02 4.99936e-01 7.93243e-03
3.40000e+02 4.99937e-01 8.76077e-03
3.50000e+02 4.99937e-01 9.67559e-03
3.60000e+02 4.99938e-01 1.06859e-02
3.70000e+02 4.99939e-01 1.18016e-02
3.80000e+02 4.99939e-01 1.30337e-02
3.90000e+02 4.99940e-01 1.43944e-02
4.00000e+02 4.99940e-01 1.58968e-02
4.10000e+02 4.99941e-01 1.75558e-02
4.20000e+02 4.99942e-01 1.93876e-02
4.30000e+02 4.99942e-01 2.14100e-02
4.40000e+02 4.99943e-01 2.36427e-02
4.50000e+02 4.99943e-01 2.61073e-02
4.60000e+02 4.99944e-01 2.88276e-02
4.70000e+02 4.99945e-01 3.18297e-02
4.80000e+02 4.99945e-01 3.51423e-02
4.90000e+02 4.99946e-01 3.87969e-02
5.00000e+02 4.99946e-01 4.28277e-02
5.10000e+02 4.99947e-01 4.72724e-02
5.20000e+02 4.99947e-01 5.21718e-02
5.30000e+02 4.99948e-01 5.75704e-02
5.40000e+02 4.99948e-01 6.35162e-02
5.50000e+02 4.99949e-01 7.00611e-02
5.60000e+02 4.99949e-01 7.72607e-02
5.70000e+02 4.99950e-01 8.51743e-02
5.80000e+02 4.99950e-01 9.38645e-02
5.90000e+02 4.99951e-01 1.03397e-01
6.00000e+02 4.99951e-01 1.13839e-01
6.10000e+02 4.99952e-01 1.25260e-01
6.20000e+02 4.99952e-01 1.37728e-01
6.30000e+02 4.99953e-01 1.51310e-01
6.40000e+02 4.99953e-01 1.66067e-01
6.50000e+02 4.99954e-01 1.82051e-01
6.60000e+02 4.99954e-01 1.99304e-01
6.70000e+02 4.99955e-01 2.17850e-01
6.80000e+02 4.99955e-01 2.37692e-01
6.90000e+02 4.99955e-01 2.58805e-01
7.00000e+02 4.99956e-01 2.81131e-01
7.10000e+02 4.99956e-01 3.04577e-01
7.20000e+02 4.99957e-01 3.29005e-01
7.30000e+02 4.99957e-01 3.54236e-01
7.40000e+02 4.99958e-01 3.80047e-01
7.50000e+02 4.99958e-01 4.06176e-01
7.60000e+02 4.99958e-01 4.32333e-01
7.70000e+02 4.99959e-01 4.58203e-01
7.80000e+02 4.99959e-01 4.83470e-01
7.90000e+02 4.99960e-01 5.07823e-01
8.00000e+02 4.99960e-01 5.30983e-01
8.10000e+02 4.99961e-01 5.52709e-01
8.20000e+02 4.99961e-01 5.72813e-01
8.30000e+02 4.99961e-01 5.91170e-01
8.40000e+02 4.99962e-01 6.07718e-01
8.50000e+02 4.99962e-01 6.22453e-01
8.60000e+02 4.99962e-01 6.35426e-01
8.70000e+02 4.99963e-01 6.46728e-01
8.80000e+02 4.99963e-01 6.56483e-01
8.90000e+02 4.99964e-01 6.64832e-01
9.00000e+02 4.99964e-01 6.71925e-01
9.10000e+02 4.99964e-01 6.77914e-01
9.20000e+02 4.99965e-01 6.82943e-01
9.30000e+02 4.99965e-01 6.87146e-01
9.40000e+02 4.99965e-01 6.90645e-01
9.50000e+02 4.99966e-01 6.93549e-01
9.60000e+02 4.99966e-01 6.95952e-01
9.70000e+02 4.99966e-01 6.97936e-01
9.80000e+02 4.99967e-01 6.99572e-01
9.90000e+02 4.99967e-01 7.00918e-01
1.00000e+03 4.99967e-01 7.02024e-01
1.01000e+03 4.99968e-01 7.02932e-01
1.02000e+03 4.99968e-01 7.03677e-01
1.03000e+03 4.99968e-01 7.04288e-01
1.04000e+03 4.99969e-01 7.04789e-01
1.05000e+03 4.99969e-01 7.05199e-01
1.06000e+03 4.99969e-01 7.05535e-01
1.07000e+03 4.99970e-01 7.05810e-01
1.08000e+03 4.99970e-01 7.06035e-01
1.09000e+03 4.99970e-01 7.06219e-01
1.10000e+03 4.99970e-01 7.06370e-01
1.11000e+03 4.99971e-01 7.06493e-01
1.12000e+03 4.99971e-01 7.06594e-01
1.13000e+03 4.99971e-01 7.06677e-01
1.14000e+03 4.99972e-01 7.06744e-01
1.15000e+03 4.99972e-01 7.06800e-01
1.16000e+03 4.99972e-01 7.06845e-01
1.17000e+03 4.99972e-01 7.06882e-01
1.18000e+03 4.99973e-01 7.06913e-01
1.19000e+03 4.99973e-01 7.06938e-01
1.20000e+03 4.99973e-01 7.06958e-01
1.21000e+03 4.99974e-01 7.06975e-01
1.22000e+03 4.99974e-01 7.06989e-01
1.23000e+03 4.99974e-01 7.07001e-01
1.24000e+03 4.99974e-01 7.07010e-01
1.25000e+03 4.99975e-01 7.07018e-01
1.26000e+03 4.99975e-01 7.07025e-01
1.27000e+03 4.99975e-01 7.07030e-01
1.28000e+03 4.99975e-01 7.07034e-01
1.29000e+03 4.99976e-01 7.07038e-01
1.30000e+03 4.99976e-01 7.07041e-01
1.31000e+03 4.99976e-01 7.07044e-01
1.32000e+03 4.99976e-01 7.07046e-01
1.33000e+03 4.99977e-01 7.07048e-01
1.34000e+03 4.99977e-01 7.07050e-01
1.35000e+03 4.99977e-01 7.07052e-01
1.36000e+03 4.99977e-01 7.07053e-01
1.37000e+03 4.99977e-01 7.07054e-01
1.38000e+03 4.99978e-01 7.07055e-01
1.39000e+03 4.99978e-01 7.07056e-01
1.40000e+03 4.99978e-01 7.07057e-01
1.41000e+03 4.99978e-01 7.07058e-01
1.42000e+03 4.99979e-01 7.07058e-01
1.43000e+03 4.99979e-01 7.07059e-01
1.44000e+03 4.99979e-01 7.07060e-01
1.45000e+03 4.99979e-01 7.07060e-01
1.46000e+03 4.99979e-01 7.07061e-01
1.47000e+03 4.99980e-01 7.07061e-01
1.48000e+03 4.99980e-01 7.07062e-01
1.49000e+03 4.99980e-01 7.07062e-01
1.50000e+03 4.99980e-01 7.07063e-01
1.51000e+03 4.99980e-01 7.07063e-01
1.52000e+03 4.99981e-01 7.07064e-01
1.53000e+03 4.99981e-01 7.07064e-01
1.54000e+03 4.99981e-01 7.07065e-01
1.55000e+03 4.99981e-01 7.07065e-01
1.56000e+03 4.99981e-01 7.07065e-01
1.57000e+03 4.99982e-01 7.07066e-01
1.58000e+03 4.99982e-01 7.07066e-01
1.59000e+03 4.99982e-01 7.07067e-01
1.60000e+03 4.99982e-01 7.07067e-01
1.61000e+03 4.99982e-01 7.07068e-01
1.62000e+03 4.99982e-01 7.07068e-01
1.63000e+03 4.99983e-01 7.07068e-01
1.64000e+03 4.99983e-01 7.07069e-01
1.65000e+03 4.99983e-01 7.07069e-01
1.66000e+03 4.99983e-01 7.07069e-01
1.67000e+03 4.99983e-01 7.07070e-01
1.68000e+03 4.99983e-01 7.07070e-01
1.69000e+03 4.99984e-01 7.07071e-01
1.70000e+03 4.99984e-01 7.07071e-01
1.71000e+03 4.99984e-01 7.07071e-01
1.72000e+03 4.99984e-01 7.07072e-01
1.73000e+03 4.99984e-01 7.07072e-01
1.74000e+03 4.99984e-01 7.07072e-01
1.75000e+03 4.99985e-01 7.07073e-01
1.76000e+03 4.99985e-01 7.07073e-01
1.77000e+03 4.99985e-01 7.07073e-01
1.78000e+03 4.99985e-01 7.07074e-01
1.79000e+03 4.99985e-01 7.07074e-01
1.80000e+03 4.99985e-01 7.07074e-01
1.81000e+03 4.99985e-01 7.07075e-01
1.82000e+03 4.99986e-01 7.07075e-01
1.83000e+03 4.99986e-01 7.07075e-01
1.84000e+03 4.99986e-01 7.07076e-01
1.85000e+03 4.99986e-01 7.07076e-01
1.86000e+03 4.99986e-01 7.07076e-01
1.87000e+03 4.99986e-01 7.07077e-01
1.88000e+03 4.99986e-01 7.07077e-01
1.89000e+03 4.99987e-01 7.07077e-01
1.90000e+03 4.99987e-01 7.07077e-01
1.91000e+03 4.99987e-01 7.07078e-01
1.92000e+03 4.99987e-01 7.07078e-01
1.93000e+03 4.99987e-01 7.07078e-01
1.94000e+03 4.99987e-01 7.07079e-01
1.95000e+03 4.99987e-01 7.07079e-01
1.96000e+03 4.99988e-01 7.07079e-01
1.97000e+03 4.99988e-01 7.07079e-01
1.98000e+03 4.99988e-01 7.07080e-01
1.99000e+03 4.99988e-01 7.07080e-01
2.00000e+03 4.99988e-01 7.07080e-01
