1.00000e+01 5.00012e-01 7.08931e-01
2.00000e+01 5.00012e-01 7.08936e-01
3.00000e+01 5.00012e-01 7.08940e-01
4.00000e+01 5.00012e-01 7.08944e-01
5.00000e+01 5.00012e-01 7.08949e-01
6.00000e+01 5.00012e-01 7.08953e-01
7.00000e+01 5.00012e-01 7.08958e-01
8.00000e+01 5.00012e-01 7.08962e-01
9.00000e+01 5.00012e-01 7.08967e-01
1.00000e+02 5.00012e-01 7.08971e-01
1.10000e+02 5.00012e-01 7.08975e-01
1.20000e+02 5.00012e-01 7.08980e-01
1.30000e+02 5.00012e-01 7.08984e-01
1.40000e+02 5.00011e-01 7.08989e-01
1.50000e+02 5.00011e-01 7.08993e-01
1.60000e+02 5.00011e-01 7.08998e-01
1.70000e+02 5.00011e-01 7.09002e-01
1.80000e+02 5.00011e-01 7.09007e-01
1.90000e+02 5.00011e-01 7.09012e-01
2.00000e+02 5.00011e-01 7.09016e-01
2.10000e+02 5.00011e-01 7.09021e-01
2.20000e+02 5.00011e-01 7.09025e-01
2.30000e+02 5.00011e-01 7.09030e-01
2.40000e+02 5.00011e-01 7.09035e-01
2.50000e+02 5.00011e-01 7.09039e-01
2.60000e+02 5.00011e-01 7.09044e-01
2.70000e+02 5.00011e-01 7.09049e-01
2.80000e+02 5.00011e-01 7.09053e-01
2.90000e+02 5.00011e-01 7.09058e-01
3.00000e+02 5.00011e-01 7.09063e-01
3.10000e+02 5.00011e-01 7.09067e-01
3.20000e+02 5.00011e-01 7.09072e-01
3.30000e+02 5.00010e-01 7.09077e-01
3.40000e+02 5.00010e-01 7.09082e-01
3.50000e+02 5.00010e-01 7.09086e-01
3.60000e+02 5.00010e-01 7.09091e-01
3.70000e+02 5.00010e-01 7.09096e-01
3.80000e+02 5.00010e-01 7.09101e-01
3.90000e+02 5.00010e-01 7.09106e-01
4.00000e+02 5.00010e-01 7.09111e-01
4.10000e+02 5.00010e-01 7.09115e-01
4.20000e+02 5.00010e-01 7.09120e-01
4.30000e+02 5.00010e-01 7.09125e-01
4.40000e+02 5.00010e-01 7.09130e-01
4.50000e+02 5.00010e-01 7.09135e-01
4.60000e+02 5.00010e-01 7.09140e-01
4.70000e+02 5.00010e-01 7.09145e-01
4.80000e+02 5.00010e-01 7.09150e-01
4.90000e+02 5.00010e-01 7.09155e-01
5.00000e+02 5.00010e-01 7.09160e-01
5.10000e+02 5.00010e-01 7.09165e-01
5.20000e+02 5.00010e-01 7.09170e-01
5.30000e+02 5.00009e-01 7.09175e-01
5.40000e+02 5.00009e-01 7.09180e-01
5.50000e+02 5.00009e-01 7.09185e-01
5.60000e+02 5.00009e-01 7.09190e-01
5.70000e+02 5.00009e-01 7.09195e-01
5.80000e+02 5.00009e-01 7.09200e-01
5.90000e+02 5.00009e-01 7.09206e-01
6.00000e+02 5.00009e-01 7.09211e-01
6.10000e+02 5.00009e-01 7.09216e-01
6.20000e+02 5.00009e-01 7.09221e-01
6.30000e+02 5.00009e-01 7.09226e-01
6.40000e+02 5.00009e-01 7.09231e-01
6.50000e+02 5.00009e-01 7.09237e-01
6.60000e+02 5.00009e-01 7.09242e-01
6.70000e+02 5.00009e-01 7.09247e-01
6.80000e+02 5.00009e-01 7.09252e-01
6.90000e+02 5.00009e-01 7.09258e-01
7.00000e+02 5.00009e-01 7.09263e-01
7.10000e+02 5.00009e-01 7.09268e-01
7.20000e+02 5.00009e-01 7.09274e-01
7.30000e+02 5.00009e-01 7.09279e-01
7.40000e+02 5.00009e-01 7.09284e-01
7.50000e+02 5.00008e-01 7.09290e-01
7.60000e+02 5.00008e-01 7.09295e-01
7.70000e+02 5.00008e-01 7.09300e-01
7.80000e+02 5.00008e-01 7.09306e-01
7.90000e+02 5.00008e-01 7.09311e-01
8.00000e+02 5.00008e-01 7.09317e-01
8.10000e+02 5.00008e-01 7.09322e-01
8.20000e+02 5.00008e-01 7.09328e-01
8.30000e+02 5.00008e-01 7.09333e-01
8.40000e+02 5.00008e-01 7.09339e-01
8.50000e+02 5.00008e-01 7.09344e-01
8.60000e+02 5.00008e-01 7.09350e-01
8.70000e+02 5.00008e-01 7.09355e-01
8.80000e+02 5.00008e-01 7.09361e-01
8.90000e+02 5.00008e-01 7.09366e-01
9.00000e+02 5.00008e-01 7.09372e-01
9.10000e+02 5.00008e-01 7.09378e-01
9.20000e+02 5.00008e-01 7.09383e-01
9.30000e+02 5.00008e-01 7.09389e-01
9.40000e+02 5.00008e-01 7.09395e-01
9.50000e+02 5.00008e-01 7.09400e-01
9.60000e+02 5.00008e-01 7.09406e-01
9.70000e+02 5.00008e-01 7.09412e-01
9.80000e+02 5.00008e-01 7.09417e-01
9.90000e+02 5.00008e-01 7.09423e-01
1.00000e+03 5.00007e-01 7.09429e-01
1.01000e+03 5.00007e-01 7.09435e-01
1.02000e+03 5.00007e-01 7.09441e-01
1.03000e+03 5.00007e-01 7.09446e-01
1.04000e+03 5.00007e-01 7.09452e-01
1.05000e+03 5.00007e-01 7.09458e-01
1.06000e+03 5.00007e-01 7.09464e-01
1.07000e+03 5.00007e-01 7.09470e-01
1.08000e+03 5.00007e-01 7.09476e-01
1.09000e+03 5.00007e-01 7.09482e-01
1.10000e+03 5.00007e-01 7.09488e-01
1.11000e+03 5.00007e-01 7.09493e-01
1.12000e+03 5.00007e-01 7.09499e-01
1.13000e+03 5.00007e-01 7.09505e-01
1.14000e+03 5.00007e-01 7.09511e-01
1.15000e+03 5.00007e-01 7.09517e-01
1.16000e+03 5.00007e-01 7.09523e-01
1.17000e+03 5.00007e-01 7.09530e-01
1.18000e+03 5.00007e-01 7.09536e-01
1.19000e+03 5.00007e-01 7.09542e-01
1.20000e+03 5.00007e-01 7.09548e-01
1.21000e+03 5.00007e-01 7.09554e-01
1.22000e+03 5.00007e-01 7.09560e-01
1.23000e+03 5.00007e-01 7.09566e-01
1.24000e+03 5.00007e-01 7.09572e-01
1.25000e+03 5.00007e-01 7.09579e-01
1.26000e+03 5.00007e-01 7.09585e-01
1.27000e+03 5.00007e-01 7.09591e-01
1.28000e+03 5.00006e-01 7.09597e-01
1.29000e+03 5.00006e-01 7.09604e-01
1.30000e+03 5.00006e-01 7.09610e-01
1.31000e+03 5.00006e-01 7.09616e-01
1.32000e+03 5.00006e-01 7.09622e-01
1.33000e+03 5.00006e-01 7.09629e-01
1.34000e+03 5.00006e-01 7.09635e-01
1.35000e+03 5.00006e-01 7.09641e-01
1.36000e+03 5.00006e-01 7.09648e-01
1.37000e+03 5.00006e-01 7.09654e-01
1.38000e+03 5.00006e-01 7.09661e-01
1.39000e+03 5.00006e-01 7.09667e-01
1.40000e+03 5.00006e-01 7.09674e-01
1.41000e+03 5.00006e-01 7.09680e-01
1.42000e+03 5.00006e-01 7.09687e-01
1.43000e+03 5.00006e-01 7.09693e-01
1.44000e+03 5.00006e-01 7.09700e-01
1.45000e+03 5.00006e-01 7.09706e-01
1.46000e+03 5.00006e-01 7.09713e-01
1.47000e+03 5.00006e-01 7.09719e-01
1.48000e+03 5.00006e-01 7.09726e-01
1.49000e+03 5.00006e-01 7.09733e-01
1.50000e+03 5.00006e-01 7.09739e-01
1.51000e+03 5.00006e-01 7.09746e-01
1.52000e+03 5.00006e-01 7.09753e-01
1.53000e+03 5.00006e-01 7.09759e-01
1.54000e+03 5.00006e-01 7.09766e-01
1.55000e+03 5.00006e-01 7.09773e-01
1.56000e+03 5.00006e-01 7.09780e-01
1.57000e+03 5.00006e-01 7.09786e-01
1.58000e+03 5.00006e-01 7.09793e-01
1.59000e+03 5.00006e-01 7.09800e-01
1.60000e+03 5.00006e-01 7.09807e-01
1.61000e+03 5.00006e-01 7.09814e-01
1.62000e+03 5.00005e-01 7.09821e-01
1.63000e+03 5.00005e-01 7.09827e-01
1.64000e+03 5.00005e-01 7.09834e-01
1.65000e+03 5.00005e-01 7.09841e-01
1.66000e+03 5.00005e-01 7.09848e-01
1.67000e+03 5.00005e-01 7.09855e-01
1.68000e+03 5.00005e-01 7.09862e-01
1.69000e+03 5.00005e-01 7.09869e-01
1.70000e+03 5.00005e-01 7.09876e-01
1.71000e+03 5.00005e-01 7.09883e-01
1.72000e+03 5.00005e-01 7.09890e-01
1.73000e+03 5.00005e-01 7.09897e-01
1.74000e+03 5.00005e-01 7.09905e-01
1.75000e+03 5.00005e-01 7.09912e-01
1.76000e+03 5.00005e-01 7.09919e-01
1.77000e+03 5.00005e-01 7.09926e-01
1.78000e+03 5.00005e-01 7.09933e-01
1.79000e+03 5.00005e-01 7.09940e-01
1.80000e+03 5.00005e-01 7.09948e-01
1.81000e+03 5.00005e-01 7.09955e-01
1.82000e+03 5.00005e-01 7.09962e-01
1.83000e+03 5.00005e-01 7.09970e-01
1.84000e+03 5.00005e-01 7.09977e-01
1.85000e+03 5.00005e-01 7.09984e-01
1.86000e+03 5.00005e-01 7.09992e-01
1.87000e+03 5.00005e-01 7.09999e-01
1.88000e+03 5.00005e-01 7.10006e-01
1.89000e+03 5.00005e-01 7.10014e-01
1.90000e+03 5.00005e-01 7.10021e-01
1.91000e+03 5.00005e-01 7.10029e-01
1.92000e+03 5.00005e-01 7.10036e-01
1.93000e+03 5.00005e-01 7.10044e-01
1.94000e+03 5.00005e-01 7.10051e-01
1.95000e+03 5.00005e-01 7.10059e-01
1.96000e+03 5.00005e-01 7.10066e-01
1.97000e+03 5.00005e-01 7.10074e-01
1.98000e+03 5.00005e-01 7.10082e-01
1.99000e+03 5.00005e-01 7.10089e-01
2.00000e+03 5.00005e-01 7.10097e-01
