1.00000e+01 4.99888e-01 3.90651e-03
2.00000e+01 4.99888e-01 4.31535e-03
3.00000e+01 4.99888e-01 4.76689e-03
4.00000e+01 4.99888e-01 5.26557e-03
5.00000e+01 4.99888e-01 5.81628e-03
6.00000e+01 4.99888e-01 6.42443e-03
7.00000e+01 4.99888e-01 7.09597e-03
8.00000e+01 4.99888e-01 7.83746e-03
9.00000e+01 4.99888e-01 8.65612e-03
1.00000e+02 4.99888e-01 9.55993e-03
1.10000e+02 4.99888e-01 1.05576e-02
1.20000e+02 4.99888e-01 1.16589e-02
1.30000e+02 4.99888e-01 1.28742e-02
1.40000e+02 4.99888e-01 1.42153e-02
1.50000e+02 4.99888e-01 1.56950e-02
1.60000e+02 4.99888e-01 1.73272e-02
1.70000e+02 4.99888e-01 1.91272e-02
1.80000e+02 4.99888e-01 2.11119e-02
1.90000e+02 4.99888e-01 2.32996e-02
2.00000e+02 4.99888e-01 2.57102e-02
2.10000e+02 4.99888e-01 2.83654e-02
2.20000e+02 4.99888e-01 3.12888e-02
2.30000e+02 4.99888e-01 3.45058e-02
2.40000e+02 4.99888e-01 3.80439e-02
2.50000e+02 4.99888e-01 4.19325e-02
2.60000e+02 4.99888e-01 4.62031e-02
2.70000e+02 4.99888e-01 5.08892e-02
2.80000e+02 4.99888e-01 5.60258e-02
2.90000e+02 4.99888e-01 6.16500e-02
3.00000e+02 4.99888e-01 6.78000e-02
3.10000e+02 4.99888e-01 7.45147e-02
3.20000e+02 4.99888e-01 8.18337e-02
3.30000e+02 4.99888e-01 8.97961e-02
3.40000e+02 4.99888e-01 9.84399e-02
3.50000e+02 4.99888e-01 1.07801e-01
3.60000e+02 4.99888e-01 1.17910e-01
3.70000e+02 4.99888e-01 1.28797e-01
3.80000e+02 4.99888e-01 1.40481e-01
3.90000e+02 4.99888e-01 1.52976e-01
4.00000e+02 4.99888e-01 1.66288e-01
4.10000e+02 4.99888e-01 1.80410e-01
4.20000e+02 4.99888e-01 1.95327e-01
4.30000e+02 4.99888e-01 2.11010e-01
4.40000e+02 4.99888e-01 2.27421e-01
4.50000e+02 4.99888e-01 2.44508e-01
4.60000e+02 4.99888e-01 2.62213e-01
4.70000e+02 4.99888e-01 2.80466e-01
4.80000e+02 4.99888e-01 2.99193e-01
4.90000e+02 4.99888e-01 3.18314e-01
5.00000e+02 4.99888e-01 3.37748e-01
5.10000e+02 4.99888e-01 3.57409e-01
5.20000e+02 4.99888e-01 3.77214e-01
5.30000e+02 4.99888e-01 3.97077e-01
5.40000e+02 4.99888e-01 4.16916e-01
5.50000e+02 4.99888e-01 4.36645e-01
5.60000e+02 4.99888e-01 4.56177e-01
5.70000e+02 4.99888e-01 4.75428e-01
5.80000e+02 4.99888e-01 4.94306e-01
5.90000e+02 4.99888e-01 5.12722e-01
6.00000e+02 4.99888e-01 5.30584e-01
6.10000e+02 4.99888e-01 5.47797e-01
6.20000e+02 4.99888e-01 5.64271e-01
6.30000e+02 4.99888e-01 5.79915e-01
6.40000e+02 4.99888e-01 5.94645e-01
6.50000e+02 4.99888e-01 6.08385e-01
6.60000e+02 4.99888e-01 6.21072e-01
6.70000e+02 4.99888e-01 6.32664e-01
6.80000e+02 4.99888e-01 6.43136e-01
6.90000e+02 4.99888e-01 6.52491e-01
7.00000e+02 4.99888e-01 6.60756e-01
7.10000e+02 4.99888e-01 6.67982e-01
7.20000e+02 4.99888e-01 6.74237e-01
7.30000e+02 4.99888e-01 6.79604e-01
7.40000e+02 4.99888e-01 6.84172e-01
7.50000e+02 4.99888e-01 6.88034e-01
7.60000e+02 4.99888e-01 6.91280e-01
7.70000e+02 4.99888e-01 6.93995e-01
7.80000e+02 4.99888e-01 6.96256e-01
7.90000e+02 4.99888e-01 6.98133e-01
8.00000e+02 4.99888e-01 6.99686e-01
8.10000e+02 4.99888e-01 7.00970e-01
8.20000e+02 4.99888e-01 7.02027e-01
8.30000e+02 4.99888e-01 7.02898e-01
8.40000e+02 4.99888e-01 7.03614e-01
8.50000e+02 4.99888e-01 7.04202e-01
8.60000e+02 4.99888e-01 7.04685e-01
8.70000e+02 4.99888e-01 7.05080e-01
8.80000e+02 4.99888e-01 7.05405e-01
8.90000e+02 4.99888e-01 7.05671e-01
9.00000e+02 4.99888e-01 7.05888e-01
9.10000e+02 4.99888e-01 7.06067e-01
9.20000e+02 4.99888e-01 7.06213e-01
9.30000e+02 4.99888e-01 7.06332e-01
9.40000e+02 4.99888e-01 7.06430e-01
9.50000e+02 4.99888e-01 7.06510e-01
9.60000e+02 4.99888e-01 7.06576e-01
9.70000e+02 4.99888e-01 7.06629e-01
9.80000e+02 4.99888e-01 7.06673e-01
9.90000e+02 4.99888e-01 7.06709e-01
1.00000e+03 4.99888e-01 7.06738e-01
1.01000e+03 4.99888e-01 7.06762e-01
1.02000e+03 4.99888e-01 7.06782e-01
1.03000e+03 4.99888e-01 7.06798e-01
1.04000e+03 4.99888e-01 7.06811e-01
1.05000e+03 4.99888e-01 7.06822e-01
1.06000e+03 4.99888e-01 7.06831e-01
1.07000e+03 4.99888e-01 7.06838e-01
1.08000e+03 4.99888e-01 7.06844e-01
1.09000e+03 4.99888e-01 7.06849e-01
1.10000e+03 4.99888e-01 7.06853e-01
1.11000e+03 4.99888e-01 7.06856e-01
1.12000e+03 4.99888e-01 7.06859e-01
1.13000e+03 4.99888e-01 7.06861e-01
1.14000e+03 4.99888e-01 7.06863e-01
1.15000e+03 4.99888e-01 7.06864e-01
1.16000e+03 4.99888e-01 7.06865e-01
1.17000e+03 4.99888e-01 7.06866e-01
1.18000e+03 4.99888e-01 7.06867e-01
1.19000e+03 4.99888e-01 7.06868e-01
1.20000e+03 4.99888e-01 7.06868e-01
1.21000e+03 4.99888e-01 7.06869e-01
1.22000e+03 4.99888e-01 7.06869e-01
1.23000e+03 4.99888e-01 7.06870e-01
1.24000e+03 4.99888e-01 7.06870e-01
1.25000e+03 4.99888e-01 7.06870e-01
1.26000e+03 4.99888e-01 7.06870e-01
1.27000e+03 4.99888e-01 7.06871e-01
1.28000e+03 4.99888e-01 7.06871e-01
1.29000e+03 4.99888e-01 7.06871e-01
1.30000e+03 4.99888e-01 7.06871e-01
1.31000e+03 4.99888e-01 7.06871e-01
1.32000e+03 4.99888e-01 7.06871e-01
1.33000e+03 4.99888e-01 7.06872e-01
1.34000e+03 4.99888e-01 7.06872e-01
1.35000e+03 4.99888e-01 7.06872e-01
1.36000e+03 4.99888e-01 7.06872e-01
1.37000e+03 4.99888e-01 7.06872e-01
1.38000e+03 4.99888e-01 7.06872e-01
1.39000e+03 4.99888e-01 7.06872e-01
1.40000e+03 4.99888e-01 7.06872e-01
1.41000e+03 4.99888e-01 7.06872e-01
1.42000e+03 4.99888e-01 7.06872e-01
1.43000e+03 4.99888e-01 7.06873e-01
1.44000e+03 4.99888e-01 7.06873e-01
1.45000e+03 4.99888e-01 7.06873e-01
1.46000e+03 4.99888e-01 7.06873e-01
1.47000e+03 4.99888e-01 7.06873e-01
1.48000e+03 4.99888e-01 7.06873e-01
1.49000e+03 4.99888e-01 7.06873e-01
1.50000e+03 4.99888e-01 7.06873e-01
1.51000e+03 4.99888e-01 7.06873e-01
