1.00000e+01 5.00078e-01 7.07426e-01
2.00000e+01 5.00078e-01 7.07427e-01
3.00000e+01 5.00078e-01 7.07427e-01
4.00000e+01 5.00077e-01 7.07428e-01
5.00000e+01 5.00077e-01 7.07428e-01
6.00000e+01 5.00077e-01 7.07429e-01
7.00000e+01 5.00077e-01 7.07429e-01
8.00000e+01 5.00076e-01 7.07430e-01
9.00000e+01 5.00076e-01 7.07430e-01
1.00000e+02 5.00076e-01 7.07431e-01
1.10000e+02 5.00076e-01 7.07431e-01
1.20000e+02 5.00075e-01 7.07432e-01
1.30000e+02 5.00075e-01 7.07432e-01
1.40000e+02 5.00075e-01 7.07433e-01
1.50000e+02 5.00075e-01 7.07433e-01
1.60000e+02 5.00075e-01 7.07434e-01
1.70000e+02 5.00074e-01 7.07434e-01
1.80000e+02 5.00074e-01 7.07435e-01
1.90000e+02 5.00074e-01 7.07435e-01
2.00000e+02 5.00074e-01 7.07436e-01
2.10000e+02 5.00073e-01 7.07436e-01
2.20000e+02 5.00073e-01 7.07437e-01
2.30000e+02 5.00073e-01 7.07438e-01
2.40000e+02 5.00073e-01 7.07438e-01
2.50000e+02 5.00073e-01 7.07439e-01
2.60000e+02 5.00072e-01 7.07439e-01
2.70000e+02 5.00072e-01 7.07440e-01
2.80000e+02 5.00072e-01 7.07441e-01
2.90000e+02 5.00072e-01 7.07441e-01
3.00000e+02 5.00072e-01 7.07442e-01
3.10000e+02 5.00071e-01 7.07443e-01
3.20000e+02 5.00071e-01 7.07443e-01
3.30000e+02 5.00071e-01 7.07444e-01
3.40000e+02 5.00071e-01 7.07445e-01
3.50000e+02 5.00070e-01 7.07445e-01
3.60000e+02 5.00070e-01 7.07446e-01
3.70000e+02 5.00070e-01 7.07447e-01
3.80000e+02 5.00070e-01 7.07447e-01
3.90000e+02 5.00070e-01 7.07448e-01
4.00000e+02 5.00069e-01 7.07449e-01
4.10000e+02 5.00069e-01 7.07450e-01
4.20000e+02 5.00069e-01 7.07450e-01
4.30000e+02 5.00069e-01 7.07451e-01
4.40000e+02 5.00069e-01 7.07452e-01
4.50000e+02 5.00068e-01 7.07453e-01
4.60000e+02 5.00068e-01 7.07453e-01
4.70000e+02 5.00068e-01 7.07454e-01
4.80000e+02 5.00068e-01 7.07455e-01
4.90000e+02 5.00068e-01 7.07456e-01
5.00000e+02 5.00067e-01 7.07457e-01
5.10000e+02 5.00067e-01 7.07458e-01
5.20000e+02 5.00067e-01 7.07458e-01
5.30000e+02 5.00067e-01 7.07459e-01
5.40000e+02 5.00067e-01 7.07460e-01
5.50000e+02 5.00066e-01 7.07461e-01
5.60000e+02 5.00066e-01 7.07462e-01
5.70000e+02 5.00066e-01 7.07463e-01
5.80000e+02 5.00066e-01 7.07464e-01
5.90000e+02 5.00066e-01 7.07465e-01
6.00000e+02 5.00065e-01 7.07465e-01
6.10000e+02 5.00065e-01 7.07466e-01
6.20000e+02 5.00065e-01 7.07467e-01
6.30000e+02 5.00065e-01 7.07468e-01
6.40000e+02 5.00065e-01 7.07469e-01
6.50000e+02 5.00064e-01 7.07470e-01
6.60000e+02 5.00064e-01 7.07471e-01
6.70000e+02 5.00064e-01 7.07472e-01
6.80000e+02 5.00064e-01 7.07473e-01
6.90000e+02 5.00064e-01 7.07474e-01
7.00000e+02 5.00063e-01 7.07475e-01
7.10000e+02 5.00063e-01 7.07476e-01
7.20000e+02 5.00063e-01 7.07477e-01
7.30000e+02 5.00063e-01 7.07478e-01
7.40000e+02 5.00063e-01 7.07479e-01
7.50000e+02 5.00062e-01 7.07480e-01
7.60000e+02 5.00062e-01 7.07481e-01
7.70000e+02 5.00062e-01 7.07483e-01
7.80000e+02 5.00062e-01 7.07484e-01
7.90000e+02 5.00062e-01 7.07485e-01
8.00000e+02 5.00062e-01 7.07486e-01
8.10000e+02 5.00061e-01 7.07487e-01
8.20000e+02 5.00061e-01 7.07488e-01
8.30000e+02 5.00061e-01 7.07489e-01
8.40000e+02 5.00061e-01 7.07490e-01
8.50000e+02 5.00061e-01 7.07492e-01
8.60000e+02 5.00060e-01 7.07493e-01
8.70000e+02 5.00060e-01 7.07494e-01
8.80000e+02 5.00060e-01 7.07495e-01
8.90000e+02 5.00060e-01 7.07496e-01
9.00000e+02 5.00060e-01 7.07498e-01
9.10000e+02 5.00060e-01 7.07499e-01
9.20000e+02 5.00059e-01 7.07500e-01
9.30000e+02 5.00059e-01 7.07501e-01
9.40000e+02 5.00059e-01 7.07503e-01
9.50000e+02 5.00059e-01 7.07504e-01
9.60000e+02 5.00059e-01 7.07505e-01
9.70000e+02 5.00059e-01 7.07507e-01
9.80000e+02 5.00058e-01 7.07508e-01
9.90000e+02 5.00058e-01 7.07509e-01
1.00000e+03 5.00058e-01 7.07511e-01
1.01000e+03 5.00058e-01 7.07512e-01
1.02000e+03 5.00058e-01 7.07513e-01
1.03000e+03 5.00057e-01 7.07515e-01
1.04000e+03 5.00057e-01 7.07516e-01
1.05000e+03 5.00057e-01 7.07518e-01
1.06000e+03 5.00057e-01 7.07519e-01
1.07000e+03 5.00057e-01 7.07520e-01
1.08000e+03 5.00057e-01 7.07522e-01
1.09000e+03 5.00056e-01 7.07523e-01
1.10000e+03 5.00056e-01 7.07525e-01
1.11000e+03 5.00056e-01 7.07526e-01
1.12000e+03 5.00056e-01 7.07528e-01
1.13000e+03 5.00056e-01 7.07529e-01
1.14000e+03 5.00056e-01 7.07531e-01
1.15000e+03 5.00055e-01 7.07532e-01
1.16000e+03 5.00055e-01 7.07534e-01
1.17000e+03 5.00055e-01 7.07535e-01
1.18000e+03 5.00055e-01 7.07537e-01
1.19000e+03 5.00055e-01 7.07539e-01
1.20000e+03 5.00055e-01 7.07540e-01
1.21000e+03 5.00054e-01 7.07542e-01
1.22000e+03 5.00054e-01 7.07544e-01
1.23000e+03 5.00054e-01 7.07545e-01
1.24000e+03 5.00054e-01 7.07547e-01
1.25000e+03 5.00054e-01 7.07548e-01
1.26000e+03 5.00054e-01 7.07550e-01
1.27000e+03 5.00053e-01 7.07552e-01
1.28000e+03 5.00053e-01 7.07554e-01
1.29000e+03 5.00053e-01 7.07555e-01
1.30000e+03 5.00053e-01 7.07557e-01
1.31000e+03 5.00053e-01 7.07559e-01
1.32000e+03 5.00053e-01 7.07561e-01
1.33000e+03 5.00053e-01 7.07562e-01
1.34000e+03 5.00052e-01 7.07564e-01
1.35000e+03 5.00052e-01 7.07566e-01
1.36000e+03 5.00052e-01 7.07568e-01
1.37000e+03 5.00052e-01 7.07570e-01
1.38000e+03 5.00052e-01 7.07572e-01
1.39000e+03 5.00052e-01 7.07573e-01
1.40000e+03 5.00051e-01 7.07575e-01
1.41000e+03 5.00051e-01 7.07577e-01
1.42000e+03 5.00051e-01 7.07579e-01
1.43000e+03 5.00051e-01 7.07581e-01
1.44000e+03 5.00051e-01 7.07583e-01
1.45000e+03 5.00051e-01 7.07585e-01
1.46000e+03 5.00051e-01 7.07587e-01
1.47000e+03 5.00050e-01 7.07589e-01
1.48000e+03 5.00050e-01 7.07591e-01
1.49000e+03 5.00050e-01 7.07593e-01
1.50000e+03 5.00050e-01 7.07595e-01
1.51000e+03 5.00050e-01 7.07597e-01
1.52000e+03 5.00050e-01 7.07599e-01
1.53000e+03 5.00049e-01 7.07601e-01
1.54000e+03 5.00049e-01 7.07603e-01
1.55000e+03 5.00049e-01 7.07605e-01
1.56000e+03 5.00049e-01 7.07608e-01
1.57000e+03 5.00049e-01 7.07610e-01
1.58000e+03 5.00049e-01 7.07612e-01
1.59000e+03 5.00049e-01 7.07614e-01
1.60000e+03 5.00048e-01 7.07616e-01
1.61000e+03 5.00048e-01 7.07619e-01
1.62000e+03 5.00048e-01 7.07621e-01
1.63000e+03 5.00048e-01 7.07623e-01
1.64000e+03 5.00048e-01 7.07625e-01
1.65000e+03 5.00048e-01 7.07628e-01
1.66000e+03 5.00048e-01 7.07630e-01
1.67000e+03 5.00047e-01 7.07632e-01
1.68000e+03 5.00047e-01 7.07635e-01
1.69000e+03 5.00047e-01 7.07637e-01
1.70000e+03 5.00047e-01 7.07639e-01
1.71000e+03 5.00047e-01 7.07642e-01
1.72000e+03 5.00047e-01 7.07644e-01
1.73000e+03 5.00047e-01 7.07647e-01
1.74000e+03 5.00046e-01 7.07649e-01
1.75000e+03 5.00046e-01 7.07652e-01
1.76000e+03 5.00046e-01 7.07654e-01
1.77000e+03 5.00046e-01 7.07657e-01
1.78000e+03 5.00046e-01 7.07659e-01
1.79000e+03 5.00046e-01 7.07662e-01
1.80000e+03 5.00046e-01 7.07664e-01
1.81000e+03 5.00045e-01 7.07667e-01
1.82000e+03 5.00045e-01 7.07669e-01
1.83000e+03 5.00045e-01 7.07672e-01
1.84000e+03 5.00045e-01 7.07675e-01
1.85000e+03 5.00045e-01 7.07677e-01
1.86000e+03 5.00045e-01 7.07680e-01
1.87000e+03 5.00045e-01 7.07683e-01
1.88000e+03 5.00045e-01 7.07685e-01
1.89000e+03 5.00044e-01 7.07688e-01
1.90000e+03 5.00044e-01 7.07691e-01
1.91000e+03 5.00044e-01 7.07694e-01
1.92000e+03 5.00044e-01 7.07697e-01
1.93000e+03 5.00044e-01 7.07699e-01
1.94000e+03 5.00044e-01 7.07702e-01
1.95000e+03 5.00044e-01 7.07705e-01
1.96000e+03 5.00043e-01 7.07708e-01
1.97000e+03 5.00043e-01 7.07711e-01
1.98000e+03 5.00043e-01 7.07714e-01
1.99000e+03 5.00043e-01 7.07717e-01
2.00000e+03 5.00043e-01 7.07720e-01
