1.00000e+01 5.00000e-01 7.09435e-01
2.00000e+01 5.00000e-01 7.09428e-01
3.00000e+01 5.00000e-01 7.09421e-01
4.00000e+01 5.00000e-01 7.09414e-01
5.00000e+01 5.00000e-01 7.09406e-01
6.00000e+01 5.00000e-01 7.09399e-01
7.00000e+01 5.00000e-01 7.09392e-01
8.00000e+01 5.00000e-01 7.09385e-01
9.00000e+01 5.00000e-01 7.09378e-01
1.00000e+02 5.00000e-01 7.09371e-01
1.10000e+02 5.00000e-01 7.09364e-01
1.20000e+02 5.00000e-01 7.09357e-01
1.30000e+02 5.00000e-01 7.09350e-01
1.40000e+02 5.00000e-01 7.09343e-01
1.50000e+02 5.00000e-01 7.09336e-01
1.60000e+02 5.00000e-01 7.09329e-01
1.70000e+02 5.00000e-01 7.09322e-01
1.80000e+02 5.00000e-01 7.09315e-01
1.90000e+02 5.00000e-01 7.09308e-01
2.00000e+02 5.00000e-01 7.09301e-01
2.10000e+02 5.00000e-01 7.09294e-01
2.20000e+02 5.00000e-01 7.09287e-01
2.30000e+02 5.00000e-01 7.09280e-01
2.40000e+02 5.00000e-01 7.09274e-01
2.50000e+02 5.00000e-01 7.09267e-01
2.60000e+02 5.00000e-01 7.09260e-01
2.70000e+02 5.00000e-01 7.09253e-01
2.80000e+02 5.00000e-01 7.09247e-01
2.90000e+02 5.00000e-01 7.09240e-01
3.00000e+02 5.00000e-01 7.09233e-01
3.10000e+02 5.00000e-01 7.09227e-01
3.20000e+02 5.00000e-01 7.09220e-01
3.30000e+02 5.00000e-01 7.09213e-01
3.40000e+02 5.00000e-01 7.09207e-01
3.50000e+02 5.00000e-01 7.09200e-01
3.60000e+02 5.00000e-01 7.09194e-01
3.70000e+02 5.00000e-01 7.09187e-01
3.80000e+02 5.00000e-01 7.09181e-01
3.90000e+02 5.00000e-01 7.09174e-01
4.00000e+02 5.00000e-01 7.09168e-01
4.10000e+02 5.00000e-01 7.09161e-01
4.20000e+02 5.00000e-01 7.09155e-01
4.30000e+02 5.00000e-01 7.09148e-01
4.40000e+02 5.00000e-01 7.09142e-01
4.50000e+02 5.00000e-01 7.09136e-01
4.60000e+02 5.00000e-01 7.09129e-01
4.70000e+02 5.00000e-01 7.09123e-01
4.80000e+02 5.00000e-01 7.09117e-01
4.90000e+02 5.00000e-01 7.09110e-01
5.00000e+02 5.00000e-01 7.09104e-01
5.10000e+02 5.00000e-01 7.09098e-01
5.20000e+02 5.00000e-01 7.09092e-01
5.30000e+02 5.00000e-01 7.09085e-01
5.40000e+02 5.00000e-01 7.09079e-01
5.50000e+02 5.00000e-01 7.09073e-01
5.60000e+02 5.00000e-01 7.09067e-01
5.70000e+02 5.00000e-01 7.09061e-01
5.80000e+02 5.00000e-01 7.09055e-01
5.90000e+02 5.00000e-01 7.09049e-01
6.00000e+02 5.00000e-01 7.09043e-01
6.10000e+02 5.00000e-01 7.09036e-01
6.20000e+02 5.00000e-01 7.09030e-01
6.30000e+02 5.00000e-01 7.09024e-01
6.40000e+02 5.00000e-01 7.09018e-01
6.50000e+02 5.00000e-01 7.09012e-01
6.60000e+02 5.00000e-01 7.09006e-01
6.70000e+02 5.00000e-01 7.09000e-01
6.80000e+02 5.00000e-01 7.08995e-01
6.90000e+02 5.00000e-01 7.08989e-01
7.00000e+02 5.00000e-01 7.08983e-01
7.10000e+02 5.00000e-01 7.08977e-01
7.20000e+02 5.00000e-01 7.08971e-01
7.30000e+02 5.00000e-01 7.08965e-01
7.40000e+02 5.00000e-01 7.08959e-01
7.50000e+02 5.00000e-01 7.08954e-01
7.60000e+02 5.00000e-01 7.08948e-01
7.70000e+02 5.00000e-01 7.08942e-01
7.80000e+02 5.00000e-01 7.08936e-01
7.90000e+02 5.00000e-01 7.08931e-01
8.00000e+02 5.00000e-01 7.08925e-01
8.10000e+02 5.00000e-01 7.08919e-01
8.20000e+02 5.00000e-01 7.08913e-01
8.30000e+02 5.00000e-01 7.08908e-01
8.40000e+02 5.00000e-01 7.08902e-01
8.50000e+02 5.00000e-01 7.08897e-01
8.60000e+02 5.00000e-01 7.08891e-01
8.70000e+02 5.00000e-01 7.08885e-01
8.80000e+02 5.00000e-01 7.08880e-01
8.90000e+02 5.00000e-01 7.08874e-01
9.00000e+02 5.00000e-01 7.08869e-01
9.10000e+02 5.00000e-01 7.08863e-01
9.20000e+02 5.00000e-01 7.08858e-01
9.30000e+02 5.00000e-01 7.08852e-01
9.40000e+02 5.00000e-01 7.08847e-01
9.50000e+02 5.00000e-01 7.08841e-01
9.60000e+02 5.00000e-01 7.08836e-01
9.70000e+02 5.00000e-01 7.08830e-01
9.80000e+02 5.00000e-01 7.08825e-01
9.90000e+02 5.00000e-01 7.08820e-01
1.00000e+03 5.00000e-01 7.08814e-01
1.01000e+03 5.00000e-01 7.08809e-01
1.02000e+03 5.00000e-01 7.08804e-01
1.03000e+03 5.00000e-01 7.08798e-01
1.04000e+03 5.00000e-01 7.08793e-01
1.05000e+03 5.00000e-01 7.08788e-01
1.06000e+03 5.00000e-01 7.08782e-01
1.07000e+03 5.00000e-01 7.08777e-01
1.08000e+03 5.00000e-01 7.08772e-01
1.09000e+03 5.00000e-01 7.08767e-01
1.10000e+03 5.00000e-01 7.08761e-01
1.11000e+03 5.00000e-01 7.08756e-01
1.12000e+03 5.00000e-01 7.08751e-01
1.13000e+03 5.00000e-01 7.08746e-01
1.14000e+03 5.00000e-01 7.08741e-01
1.15000e+03 5.00000e-01 7.08736e-01
1.16000e+03 5.00000e-01 7.08731e-01
1.17000e+03 5.00000e-01 7.08725e-01
1.18000e+03 5.00000e-01 7.08720e-01
1.19000e+03 5.00000e-01 7.08715e-01
1.20000e+03 5.00000e-01 7.08710e-01
1.21000e+03 5.00000e-01 7.08705e-01
1.22000e+03 5.00000e-01 7.08700e-01
1.23000e+03 5.00000e-01 7.08695e-01
1.24000e+03 5.00000e-01 7.08690e-01
1.25000e+03 5.00000e-01 7.08685e-01
1.26000e+03 5.00000e-01 7.08680e-01
1.27000e+03 5.00000e-01 7.08675e-01
1.28000e+03 5.00000e-01 7.08670e-01
1.29000e+03 5.00000e-01 7.08666e-01
1.30000e+03 5.00000e-01 7.08661e-01
1.31000e+03 5.00000e-01 7.08656e-01
1.32000e+03 5.00000e-01 7.08651e-01
1.33000e+03 5.00000e-01 7.08646e-01
1.34000e+03 5.00000e-01 7.08641e-01
1.35000e+03 5.00000e-01 7.08636e-01
1.36000e+03 5.00000e-01 7.08632e-01
1.37000e+03 5.00000e-01 7.08627e-01
1.38000e+03 5.00000e-01 7.08622e-01
1.39000e+03 5.00000e-01 7.08617e-01
1.40000e+03 5.00000e-01 7.08613e-01
1.41000e+03 5.00000e-01 7.08608e-01
1.42000e+03 5.00000e-01 7.08603e-01
1.43000e+03 5.00000e-01 7.08598e-01
1.44000e+03 5.00000e-01 7.08594e-01
1.45000e+03 5.00000e-01 7.08589e-01
1.46000e+03 5.00000e-01 7.08584e-01
1.47000e+03 5.00000e-01 7.08580e-01
1.48000e+03 5.00000e-01 7.08575e-01
1.49000e+03 5.00000e-01 7.08571e-01
1.50000e+03 5.00000e-01 7.08566e-01
1.51000e+03 5.00000e-01 7.08561e-01
1.52000e+03 5.00000e-01 7.08557e-01
1.53000e+03 5.00000e-01 7.08552e-01
1.54000e+03 5.00000e-01 7.08548e-01
1.55000e+03 5.00000e-01 7.08543e-01
1.56000e+03 5.00000e-01 7.08539e-01
1.57000e+03 5.00000e-01 7.08534e-01
1.58000e+03 5.00000e-01 7.08530e-01
1.59000e+03 5.00000e-01 7.08525e-01
1.60000e+03 5.00000e-01 7.08521e-01
1.61000e+03 5.00000e-01 7.08516e-01
1.62000e+03 5.00000e-01 7.08512e-01
1.63000e+03 5.00000e-01 7.08508e-01
1.64000e+03 5.00000e-01 7.08503e-01
1.65000e+03 5.00000e-01 7.08499e-01
1.66000e+03 5.00000e-01 7.08494e-01
1.67000e+03 5.00000e-01 7.08490e-01
1.68000e+03 5.00000e-01 7.08486e-01
1.69000e+03 5.00000e-01 7.08481e-01
1.70000e+03 5.00000e-01 7.08477e-01
1.71000e+03 5.00000e-01 7.08473e-01
1.72000e+03 5.00000e-01 7.08468e-01
1.73000e+03 5.00000e-01 7.08464e-01
1.74000e+03 5.00000e-01 7.08460e-01
1.75000e+03 5.00000e-01 7.08456e-01
1.76000e+03 5.00000e-01 7.08451e-01
1.77000e+03 5.00000e-01 7.08447e-01
1.78000e+03 5.00000e-01 7.08443e-01
1.79000e+03 5.00000e-01 7.08439e-01
1.80000e+03 5.00000e-01 7.08435e-01
1.81000e+03 5.00000e-01 7.08430e-01
1.82000e+03 5.00000e-01 7.08426e-01
1.83000e+03 5.00000e-01 7.08422e-01
1.84000e+03 5.00000e-01 7.08418e-01
1.85000e+03 5.00000e-01 7.08414e-01
1.86000e+03 5.00000e-01 7.08410e-01
1.87000e+03 5.00000e-01 7.08406e-01
1.88000e+03 5.00000e-01 7.08402e-01
1.89000e+03 5.00000e-01 7.08397e-01
1.90000e+03 5.00000e-01 7.08393e-01
1.91000e+03 5.00000e-01 7.08389e-01
1.92000e+03 5.00000e-01 7.08385e-01
1.93000e+03 5.00000e-01 7.08381e-01
1.94000e+03 5.00000e-01 7.08377e-01
1.95000e+03 5.00000e-01 7.08373e-01
1.96000e+03 5.00000e-01 7.08369e-01
1.97000e+03 5.00000e-01 7.08365e-01
1.98000e+03 5.00000e-01 7.08361e-01
1.99000e+03 5.00000e-01 7.08357e-01
2.00000e+03 5.00000e-01 7.08354e-01
