1.00000e+01 4.99912e-01 3.31433e-04
2.00000e+01 4.99912e-01 3.66002e-04
3.00000e+01 4.99912e-01 4.04127e-04
4.00000e+01 4.99913e-01 4.46208e-04
5.00000e+01 4.99913e-01 4.92671e-04
6.00000e+01 4.99913e-01 5.43978e-04
7.00000e+01 4.99913e-01 6.00637e-04
8.00000e+01 4.99913e-01 6.63209e-04
9.00000e+01 4.99913e-01 7.32310e-04
1.00000e+02 4.99914e-01 8.08624e-04
1.10000e+02 4.99914e-01 8.92902e-04
1.20000e+02 4.99914e-01 9.85977e-04
1.30000e+02 4.99914e-01 1.08877e-03
1.40000e+02 4.99914e-01 1.20229e-03
1.50000e+02 4.99914e-01 1.32766e-03
1.60000e+02 4.99915e-01 1.46611e-03
1.70000e+02 4.99915e-01 1.61902e-03
1.80000e+02 4.99915e-01 1.78790e-03
1.90000e+02 4.99915e-01 1.97440e-03
2.00000e+02 4.99915e-01 2.18038e-03
2.10000e+02 4.99915e-01 2.40786e-03
2.20000e+02 4.99916e-01 2.65910e-03
2.30000e+02 4.99916e-01 2.93657e-03
2.40000e+02 4.99916e-01 3.24301e-03
2.50000e+02 4.99916e-01 3.58144e-03
2.60000e+02 4.99916e-01 3.95522e-03
2.70000e+02 4.99916e-01 4.36802e-03
2.80000e+02 4.99917e-01 4.82393e-03
2.90000e+02 4.99917e-01 5.32743e-03
3.00000e+02 4.99917e-01 5.88351e-03
3.10000e+02 4.99917e-01 6.49763e-03
3.20000e+02 4.99917e-01 7.17587e-03
3.30000e+02 4.99917e-01 7.92491e-03
3.40000e+02 4.99918e-01 8.75211e-03
3.50000e+02 4.99918e-01 9.66564e-03
3.60000e+02 4.99918e-01 1.06745e-02
3.70000e+02 4.99918e-01 1.17886e-02
3.80000e+02 4.99918e-01 1.30188e-02
3.90000e+02 4.99918e-01 1.43773e-02
4.00000e+02 4.99919e-01 1.58774e-02
4.10000e+02 4.99919e-01 1.75337e-02
4.20000e+02 4.99919e-01 1.93624e-02
4.30000e+02 4.99919e-01 2.13813e-02
4.40000e+02 4.99919e-01 2.36101e-02
4.50000e+02 4.99919e-01 2.60703e-02
4.60000e+02 4.99920e-01 2.87857e-02
4.70000e+02 4.99920e-01 3.17823e-02
4.80000e+02 4.99920e-01 3.50887e-02
4.90000e+02 4.99920e-01 3.87363e-02
5.00000e+02 4.99920e-01 4.27593e-02
5.10000e+02 4.99920e-01 4.71952e-02
5.20000e+02 4.99921e-01 5.20849e-02
5.30000e+02 4.99921e-01 5.74725e-02
5.40000e+02 4.99921e-01 6.34062e-02
5.50000e+02 4.99921e-01 6.99376e-02
5.60000e+02 4.99921e-01 7.71222e-02
5.70000e+02 4.99921e-01 8.50192e-02
5.80000e+02 4.99921e-01 9.36912e-02
5.90000e+02 4.99922e-01 1.03203e-01
6.00000e+02 4.99922e-01 1.13624e-01
6.10000e+02 4.99922e-01 1.25021e-01
6.20000e+02 4.99922e-01 1.37463e-01
6.30000e+02 4.99922e-01 1.51017e-01
6.40000e+02 4.99922e-01 1.65744e-01
6.50000e+02 4.99923e-01 1.81697e-01
6.60000e+02 4.99923e-01 1.98918e-01
6.70000e+02 4.99923e-01 2.17431e-01
6.80000e+02 4.99923e-01 2.37239e-01
6.90000e+02 4.99923e-01 2.58319e-01
7.00000e+02 4.99923e-01 2.80615e-01
7.10000e+02 4.99924e-01 3.04032e-01
7.20000e+02 4.99924e-01 3.28434e-01
7.30000e+02 4.99924e-01 3.53644e-01
7.40000e+02 4.99924e-01 3.79440e-01
7.50000e+02 4.99924e-01 4.05561e-01
7.60000e+02 4.99924e-01 4.31716e-01
7.70000e+02 4.99924e-01 4.57594e-01
7.80000e+02 4.99925e-01 4.82874e-01
7.90000e+02 4.99925e-01 5.07249e-01
8.00000e+02 4.99925e-01 5.30437e-01
8.10000e+02 4.99925e-01 5.52194e-01
8.20000e+02 4.99925e-01 5.72335e-01
8.30000e+02 4.99925e-01 5.90730e-01
8.40000e+02 4.99925e-01 6.07316e-01
8.50000e+02 4.99926e-01 6.22089e-01
8.60000e+02 4.99926e-01 6.35098e-01
8.70000e+02 4.99926e-01 6.46434e-01
8.80000e+02 4.99926e-01 6.56219e-01
8.90000e+02 4.99926e-01 6.64596e-01
9.00000e+02 4.99926e-01 6.71714e-01
9.10000e+02 4.99927e-01 6.77723e-01
9.20000e+02 4.99927e-01 6.82770e-01
9.30000e+02 4.99927e-01 6.86989e-01
9.40000e+02 4.99927e-01 6.90501e-01
9.50000e+02 4.99927e-01 6.93415e-01
9.60000e+02 4.99927e-01 6.95828e-01
9.70000e+02 4.99927e-01 6.97820e-01
9.80000e+02 4.99928e-01 6.99461e-01
9.90000e+02 4.99928e-01 7.00812e-01
1.00000e+03 4.99928e-01 7.01923e-01
1.01000e+03 4.99928e-01 7.02835e-01
1.02000e+03 4.99928e-01 7.03583e-01
1.03000e+03 4.99928e-01 7.04196e-01
1.04000e+03 4.99928e-01 7.04698e-01
1.05000e+03 4.99929e-01 7.05110e-01
1.06000e+03 4.99929e-01 7.05447e-01
1.07000e+03 4.99929e-01 7.05723e-01
1.08000e+03 4.99929e-01 7.05948e-01
1.09000e+03 4.99929e-01 7.06133e-01
1.10000e+03 4.99929e-01 7.06284e-01
1.11000e+03 4.99929e-01 7.06408e-01
1.12000e+03 4.99930e-01 7.06509e-01
1.13000e+03 4.99930e-01 7.06591e-01
1.14000e+03 4.99930e-01 7.06659e-01
1.15000e+03 4.99930e-01 7.06715e-01
1.16000e+03 4.99930e-01 7.06760e-01
1.17000e+03 4.99930e-01 7.06797e-01
1.18000e+03 4.99930e-01 7.06827e-01
1.19000e+03 4.99931e-01 7.06852e-01
1.20000e+03 4.99931e-01 7.06873e-01
1.21000e+03 4.99931e-01 7.06889e-01
1.22000e+03 4.99931e-01 7.06903e-01
1.23000e+03 4.99931e-01 7.06914e-01
1.24000e+03 4.99931e-01 7.06924e-01
1.25000e+03 4.99931e-01 7.06931e-01
1.26000e+03 4.99931e-01 7.06938e-01
1.27000e+03 4.99932e-01 7.06943e-01
1.28000e+03 4.99932e-01 7.06947e-01
1.29000e+03 4.99932e-01 7.06951e-01
1.30000e+03 4.99932e-01 7.06954e-01
1.31000e+03 4.99932e-01 7.06956e-01
1.32000e+03 4.99932e-01 7.06958e-01
1.33000e+03 4.99932e-01 7.06960e-01
1.34000e+03 4.99933e-01 7.06962e-01
1.35000e+03 4.99933e-01 7.06963e-01
1.36000e+03 4.99933e-01 7.06964e-01
1.37000e+03 4.99933e-01 7.06965e-01
1.38000e+03 4.99933e-01 7.06966e-01
1.39000e+03 4.99933e-01 7.06967e-01
1.40000e+03 4.99933e-01 7.06967e-01
1.41000e+03 4.99934e-01 7.06968e-01
1.42000e+03 4.99934e-01 7.06968e-01
1.43000e+03 4.99934e-01 7.06969e-01
1.44000e+03 4.99934e-01 7.06969e-01
1.45000e+03 4.99934e-01 7.06970e-01
1.46000e+03 4.99934e-01 7.06970e-01
1.47000e+03 4.99934e-01 7.06971e-01
1.48000e+03 4.99934e-01 7.06971e-01
1.49000e+03 4.99935e-01 7.06971e-01
1.50000e+03 4.99935e-01 7.06972e-01
1.51000e+03 4.99935e-01 7.06972e-01
1.52000e+03 4.99935e-01 7.06972e-01
1.53000e+03 4.99935e-01 7.06973e-01
1.54000e+03 4.99935e-01 7.06973e-01
1.55000e+03 4.99935e-01 7.06974e-01
1.56000e+03 4.99935e-01 7.06974e-01
1.57000e+03 4.99936e-01 7.06974e-01
1.58000e+03 4.99936e-01 7.06974e-01
1.59000e+03 4.99936e-01 7.06975e-01
1.60000e+03 4.99936e-01 7.06975e-01
1.61000e+03 4.99936e-01 7.06975e-01
1.62000e+03 4.99936e-01 7.06976e-01
1.63000e+03 4.99936e-01 7.06976e-01
1.64000e+03 4.99936e-01 7.06976e-01
1.65000e+03 4.99937e-01 7.06977e-01
1.66000e+03 4.99937e-01 7.06977e-01
1.67000e+03 4.99937e-01 7.06977e-01
1.68000e+03 4.99937e-01 7.06978e-01
1.69000e+03 4.99937e-01 7.06978e-01
1.70000e+03 4.99937e-01 7.06978e-01
1.71000e+03 4.99937e-01 7.06979e-01
1.72000e+03 4.99938e-01 7.06979e-01
1.73000e+03 4.99938e-01 7.06979e-01
1.74000e+03 4.99938e-01 7.06980e-01
1.75000e+03 4.99938e-01 7.06980e-01
1.76000e+03 4.99938e-01 7.06980e-01
1.77000e+03 4.99938e-01 7.06980e-01
1.78000e+03 4.99938e-01 7.06981e-01
1.79000e+03 4.99938e-01 7.06981e-01
1.80000e+03 4.99938e-01 7.06981e-01
1.81000e+03 4.99939e-01 7.06982e-01
1.82000e+03 4.99939e-01 7.06982e-01
1.83000e+03 4.99939e-01 7.06982e-01
1.84000e+03 4.99939e-01 7.06983e-01
1.85000e+03 4.99939e-01 7.06983e-01
1.86000e+03 4.99939e-01 7.06983e-01
1.87000e+03 4.99939e-01 7.06984e-01
1.88000e+03 4.99939e-01 7.06984e-01
1.89000e+03 4.99940e-01 7.06984e-01
1.90000e+03 4.99940e-01 7.06985e-01
1.91000e+03 4.99940e-01 7.06985e-01
1.92000e+03 4.99940e-01 7.06985e-01
1.93000e+03 4.99940e-01 7.06985e-01
1.94000e+03 4.99940e-01 7.06986e-01
1.95000e+03 4.99940e-01 7.06986e-01
1.96000e+03 4.99940e-01 7.06986e-01
1.97000e+03 4.99941e-01 7.06987e-01
1.98000e+03 4.99941e-01 7.06987e-01
1.99000e+03 4.99941e-01 7.06987e-01
2.00000e+03 4.99941e-01 7.06988e-01
