1.00000e+01 5.00000e-01 7.08078e-01
2.00000e+01 5.00000e-01 7.08073e-01
3.00000e+01 5.00000e-01 7.08069e-01
4.00000e+01 5.00000e-01 7.08064e-01
5.00000e+01 5.00000e-01 7.08059e-01
6.00000e+01 5.00000e-01 7.08054e-01
7.00000e+01 5.00000e-01 7.08049e-01
8.00000e+01 5.00000e-01 7.08044e-01
9.00000e+01 5.00000e-01 7.08039e-01
1.00000e+02 5.00000e-01 7.08035e-01
1.10000e+02 5.00000e-01 7.08030e-01
1.20000e+02 5.00000e-01 7.08025e-01
1.30000e+02 5.00000e-01 7.08020e-01
1.40000e+02 5.00000e-01 7.08016e-01
1.50000e+02 5.00000e-01 7.08011e-01
1.60000e+02 5.00000e-01 7.08006e-01
1.70000e+02 5.00000e-01 7.08002e-01
1.80000e+02 5.00000e-01 7.07997e-01
1.90000e+02 5.00000e-01 7.07993e-01
2.00000e+02 5.00000e-01 7.07988e-01
2.10000e+02 5.00000e-01 7.07984e-01
2.20000e+02 5.00000e-01 7.07979e-01
2.30000e+02 5.00000e-01 7.07975e-01
2.40000e+02 5.00000e-01 7.07970e-01
2.50000e+02 5.00000e-01 7.07966e-01
2.60000e+02 5.00000e-01 7.07961e-01
2.70000e+02 5.00000e-01 7.07957e-01
2.80000e+02 5.00000e-01 7.07953e-01
2.90000e+02 5.00000e-01 7.07948e-01
3.00000e+02 5.00000e-01 7.07944e-01
3.10000e+02 5.00000e-01 7.07940e-01
3.20000e+02 5.00000e-01 7.07935e-01
3.30000e+02 5.00000e-01 7.07931e-01
3.40000e+02 5.00000e-01 7.07927e-01
3.50000e+02 5.00000e-01 7.07923e-01
3.60000e+02 5.00000e-01 7.07919e-01
3.70000e+02 5.00000e-01 7.07914e-01
3.80000e+02 5.00000e-01 7.07910e-01
3.90000e+02 5.00000e-01 7.07906e-01
4.00000e+02 5.00000e-01 7.07902e-01
4.10000e+02 5.00000e-01 7.07898e-01
4.20000e+02 5.00000e-01 7.07894e-01
4.30000e+02 5.00000e-01 7.07890e-01
4.40000e+02 5.00000e-01 7.07886e-01
4.50000e+02 5.00000e-01 7.07882e-01
4.60000e+02 5.00000e-01 7.07878e-01
4.70000e+02 5.00000e-01 7.07874e-01
4.80000e+02 5.00000e-01 7.07870e-01
4.90000e+02 5.00000e-01 7.07866e-01
5.00000e+02 5.00000e-01 7.07862e-01
5.10000e+02 5.00000e-01 7.07858e-01
5.20000e+02 5.00000e-01 7.07854e-01
5.30000e+02 5.00000e-01 7.07851e-01
5.40000e+02 5.00000e-01 7.07847e-01
5.50000e+02 5.00000e-01 7.07843e-01
5.60000e+02 5.00000e-01 7.07839e-01
5.70000e+02 5.00000e-01 7.07836e-01
5.80000e+02 5.00000e-01 7.07832e-01
5.90000e+02 5.00000e-01 7.07828e-01
6.00000e+02 5.00000e-01 7.07824e-01
6.10000e+02 5.00000e-01 7.07821e-01
6.20000e+02 5.00000e-01 7.07817e-01
6.30000e+02 5.00000e-01 7.07813e-01
6.40000e+02 5.00000e-01 7.07810e-01
6.50000e+02 5.00000e-01 7.07806e-01
6.60000e+02 5.00000e-01 7.07803e-01
6.70000e+02 5.00000e-01 7.07799e-01
6.80000e+02 5.00000e-01 7.07795e-01
6.90000e+02 5.00000e-01 7.07792e-01
7.00000e+02 5.00000e-01 7.07788e-01
7.10000e+02 5.00000e-01 7.07785e-01
7.20000e+02 5.00000e-01 7.07781e-01
7.30000e+02 5.00000e-01 7.07778e-01
7.40000e+02 5.00000e-01 7.07774e-01
7.50000e+02 5.00000e-01 7.07771e-01
7.60000e+02 5.00000e-01 7.07768e-01
7.70000e+02 5.00000e-01 7.07764e-01
7.80000e+02 5.00000e-01 7.07761e-01
7.90000e+02 5.00000e-01 7.07758e-01
8.00000e+02 5.00000e-01 7.07754e-01
8.10000e+02 5.00000e-01 7.07751e-01
8.20000e+02 5.00000e-01 7.07748e-01
8.30000e+02 5.00000e-01 7.07744e-01
8.40000e+02 5.00000e-01 7.07741e-01
8.50000e+02 5.00000e-01 7.07738e-01
8.60000e+02 5.00000e-01 7.07735e-01
8.70000e+02 5.00000e-01 7.07731e-01
8.80000e+02 5.00000e-01 7.07728e-01
8.90000e+02 5.00000e-01 7.07725e-01
9.00000e+02 5.00000e-01 7.07722e-01
9.10000e+02 5.00000e-01 7.07719e-01
9.20000e+02 5.00000e-01 7.07715e-01
9.30000e+02 5.00000e-01 7.07712e-01
9.40000e+02 5.00000e-01 7.07709e-01
9.50000e+02 5.00000e-01 7.07706e-01
9.60000e+02 5.00000e-01 7.07703e-01
9.70000e+02 5.00000e-01 7.07700e-01
9.80000e+02 5.00000e-01 7.07697e-01
9.90000e+02 5.00000e-01 7.07694e-01
1.00000e+03 5.00000e-01 7.07691e-01
1.01000e+03 5.00000e-01 7.07688e-01
1.02000e+03 5.00000e-01 7.07685e-01
1.03000e+03 5.00000e-01 7.07682e-01
1.04000e+03 5.00000e-01 7.07679e-01
1.05000e+03 5.00000e-01 7.07676e-01
1.06000e+03 5.00000e-01 7.07673e-01
1.07000e+03 5.00000e-01 7.07670e-01
1.08000e+03 5.00000e-01 7.07667e-01
1.09000e+03 5.00000e-01 7.07664e-01
1.10000e+03 5.00000e-01 7.07662e-01
1.11000e+03 5.00000e-01 7.07659e-01
1.12000e+03 5.00000e-01 7.07656e-01
1.13000e+03 5.00000e-01 7.07653e-01
1.14000e+03 5.00000e-01 7.07650e-01
1.15000e+03 5.00000e-01 7.07647e-01
1.16000e+03 5.00000e-01 7.07645e-01
1.17000e+03 5.00000e-01 7.07642e-01
1.18000e+03 5.00000e-01 7.07639e-01
1.19000e+03 5.00000e-01 7.07636e-01
1.20000e+03 5.00000e-01 7.07634e-01
1.21000e+03 5.00000e-01 7.07631e-01
1.22000e+03 5.00000e-01 7.07628e-01
1.23000e+03 5.00000e-01 7.07626e-01
1.24000e+03 5.00000e-01 7.07623e-01
1.25000e+03 5.00000e-01 7.07620e-01
1.26000e+03 5.00000e-01 7.07618e-01
1.27000e+03 5.00000e-01 7.07615e-01
1.28000e+03 5.00000e-01 7.07612e-01
1.29000e+03 5.00000e-01 7.07610e-01
1.30000e+03 5.00000e-01 7.07607e-01
1.31000e+03 5.00000e-01 7.07605e-01
1.32000e+03 5.00000e-01 7.07602e-01
1.33000e+03 5.00000e-01 7.07600e-01
1.34000e+03 5.00000e-01 7.07597e-01
1.35000e+03 5.00000e-01 7.07595e-01
1.36000e+03 5.00000e-01 7.07592e-01
1.37000e+03 5.00000e-01 7.07590e-01
1.38000e+03 5.00000e-01 7.07587e-01
1.39000e+03 5.00000e-01 7.07585e-01
1.40000e+03 5.00000e-01 7.07582e-01
1.41000e+03 5.00000e-01 7.07580e-01
1.42000e+03 5.00000e-01 7.07577e-01
1.43000e+03 5.00000e-01 7.07575e-01
1.44000e+03 5.00000e-01 7.07572e-01
1.45000e+03 5.00000e-01 7.07570e-01
1.46000e+03 5.00000e-01 7.07568e-01
1.47000e+03 5.00000e-01 7.07565e-01
1.48000e+03 5.00000e-01 7.07563e-01
1.49000e+03 5.00000e-01 7.07561e-01
1.50000e+03 5.00000e-01 7.07558e-01
1.51000e+03 5.00000e-01 7.07556e-01
1.52000e+03 5.00000e-01 7.07554e-01
1.53000e+03 5.00000e-01 7.07551e-01
1.54000e+03 5.00000e-01 7.07549e-01
1.55000e+03 5.00000e-01 7.07547e-01
1.56000e+03 5.00000e-01 7.07545e-01
1.57000e+03 5.00000e-01 7.07542e-01
1.58000e+03 5.00000e-01 7.07540e-01
1.59000e+03 5.00000e-01 7.07538e-01
1.60000e+03 5.00000e-01 7.07536e-01
1.61000e+03 5.00000e-01 7.07533e-01
1.62000e+03 5.00000e-01 7.07531e-01
1.63000e+03 5.00000e-01 7.07529e-01
1.64000e+03 5.00000e-01 7.07527e-01
1.65000e+03 5.00000e-01 7.07525e-01
1.66000e+03 5.00000e-01 7.07523e-01
1.67000e+03 5.00000e-01 7.07520e-01
1.68000e+03 5.00000e-01 7.07518e-01
1.69000e+03 5.00000e-01 7.07516e-01
1.70000e+03 5.00000e-01 7.07514e-01
1.71000e+03 5.00000e-01 7.07512e-01
1.72000e+03 5.00000e-01 7.07510e-01
1.73000e+03 5.00000e-01 7.07508e-01
1.74000e+03 5.00000e-01 7.07506e-01
1.75000e+03 5.00000e-01 7.07504e-01
1.76000e+03 5.00000e-01 7.07502e-01
1.77000e+03 5.00000e-01 7.07500e-01
1.78000e+03 5.00000e-01 7.07498e-01
1.79000e+03 5.00000e-01 7.07496e-01
1.80000e+03 5.00000e-01 7.07494e-01
1.81000e+03 5.00000e-01 7.07492e-01
1.82000e+03 5.00000e-01 7.07490e-01
1.83000e+03 5.00000e-01 7.07488e-01
1.84000e+03 5.00000e-01 7.07486e-01
1.85000e+03 5.00000e-01 7.07484e-01
1.86000e+03 5.00000e-01 7.07482e-01
1.87000e+03 5.00000e-01 7.07480e-01
1.88000e+03 5.00000e-01 7.07478e-01
1.89000e+03 5.00000e-01 7.07476e-01
1.90000e+03 5.00000e-01 7.07474e-01
1.91000e+03 5.00000e-01 7.07472e-01
1.92000e+03 5.00000e-01 7.07470e-01
1.93000e+03 5.00000e-01 7.07468e-01
1.94000e+03 5.00000e-01 7.07467e-01
1.95000e+03 5.00000e-01 7.07465e-01
1.96000e+03 5.00000e-01 7.07463e-01
1.97000e+03 5.00000e-01 7.07461e-01
1.98000e+03 5.00000e-01 7.07459e-01
1.99000e+03 5.00000e-01 7.07457e-01
2.00000e+03 5.00000e-01 7.07456e-01
