1.00000e+01 4.99912e-01 3.31433e-04
2.00000e+01 4.99913e-01 3.66003e-04
3.00000e+01 4.99913e-01 4.04128e-04
4.00000e+01 4.99914e-01 4.46213e-04
5.00000e+01 4.99914e-01 4.92680e-04
6.00000e+01 4.99915e-01 5.43993e-04
7.00000e+01 4.99916e-01 6.00660e-04
8.00000e+01 4.99916e-01 6.63243e-04
9.00000e+01 4.99917e-01 7.32358e-04
1.00000e+02 4.99917e-01 8.08689e-04
1.10000e+02 4.99918e-01 8.92989e-04
1.20000e+02 4.99919e-01 9.86090e-04
1.30000e+02 4.99919e-01 1.08891e-03
1.40000e+02 4.99920e-01 1.20247e-03
1.50000e+02 4.99920e-01 1.32788e-03
1.60000e+02 4.99921e-01 1.46640e-03
1.70000e+02 4.99921e-01 1.61937e-03
1.80000e+02 4.99922e-01 1.78832e-03
1.90000e+02 4.99922e-01 1.97492e-03
2.00000e+02 4.99923e-01 2.18100e-03
2.10000e+02 4.99924e-01 2.40860e-03
2.20000e+02 4.99924e-01 2.65998e-03
2.30000e+02 4.99925e-01 2.93761e-03
2.40000e+02 4.99925e-01 3.24424e-03
2.50000e+02 4.99926e-01 3.58289e-03
2.60000e+02 4.99926e-01 3.95692e-03
2.70000e+02 4.99927e-01 4.37001e-03
2.80000e+02 4.99927e-01 4.82624e-03
2.90000e+02 4.99928e-01 5.33013e-03
3.00000e+02 4.99928e-01 5.88663e-03
3.10000e+02 4.99929e-01 6.50126e-03
3.20000e+02 4.99929e-01 7.18006e-03
3.30000e+02 4.99930e-01 7.92974e-03
3.40000e+02 4.99930e-01 8.75768e-03
3.50000e+02 4.99931e-01 9.67204e-03
3.60000e+02 4.99931e-01 1.06818e-02
3.70000e+02 4.99932e-01 1.17970e-02
3.80000e+02 4.99932e-01 1.30284e-02
3.90000e+02 4.99933e-01 1.43883e-02
4.00000e+02 4.99933e-01 1.58899e-02
4.10000e+02 4.99934e-01 1.75480e-02
4.20000e+02 4.99934e-01 1.93787e-02
4.30000e+02 4.99934e-01 2.13999e-02
4.40000e+02 4.99935e-01 2.36312e-02
4.50000e+02 4.99935e-01 2.60943e-02
4.60000e+02 4.99936e-01 2.88128e-02
4.70000e+02 4.99936e-01 3.18130e-02
4.80000e+02 4.99937e-01 3.51235e-02
4.90000e+02 4.99937e-01 3.87756e-02
5.00000e+02 4.99938e-01 4.28037e-02
5.10000e+02 4.99938e-01 4.72454e-02
5.20000e+02 4.99938e-01 5.21414e-02
5.30000e+02 4.99939e-01 5.75362e-02
5.40000e+02 4.99939e-01 6.34778e-02
5.50000e+02 4.99940e-01 7.00180e-02
5.60000e+02 4.99940e-01 7.72125e-02
5.70000e+02 4.99941e-01 8.51204e-02
5.80000e+02 4.99941e-01 9.38043e-02
5.90000e+02 4.99941e-01 1.03330e-01
6.00000e+02 4.99942e-01 1.13764e-01
6.10000e+02 4.99942e-01 1.25177e-01
6.20000e+02 4.99943e-01 1.37637e-01
6.30000e+02 4.99943e-01 1.51209e-01
6.40000e+02 4.99943e-01 1.65955e-01
6.50000e+02 4.99944e-01 1.81929e-01
6.60000e+02 4.99944e-01 1.99171e-01
6.70000e+02 4.99945e-01 2.17706e-01
6.80000e+02 4.99945e-01 2.37536e-01
6.90000e+02 4.99945e-01 2.58638e-01
7.00000e+02 4.99946e-01 2.80954e-01
7.10000e+02 4.99946e-01 3.04390e-01
7.20000e+02 4.99947e-01 3.28810e-01
7.30000e+02 4.99947e-01 3.54034e-01
7.40000e+02 4.99947e-01 3.79839e-01
7.50000e+02 4.99948e-01 4.05966e-01
7.60000e+02 4.99948e-01 4.32123e-01
7.70000e+02 4.99948e-01 4.57995e-01
7.80000e+02 4.99949e-01 4.83267e-01
7.90000e+02 4.99949e-01 5.07628e-01
8.00000e+02 4.99949e-01 5.30797e-01
8.10000e+02 4.99950e-01 5.52534e-01
8.20000e+02 4.99950e-01 5.72651e-01
8.30000e+02 4.99950e-01 5.91021e-01
8.40000e+02 4.99951e-01 6.07582e-01
8.50000e+02 4.99951e-01 6.22331e-01
8.60000e+02 4.99952e-01 6.35316e-01
8.70000e+02 4.99952e-01 6.46630e-01
8.80000e+02 4.99952e-01 6.56395e-01
8.90000e+02 4.99953e-01 6.64754e-01
9.00000e+02 4.99953e-01 6.71856e-01
9.10000e+02 4.99953e-01 6.77852e-01
9.20000e+02 4.99954e-01 6.82887e-01
9.30000e+02 4.99954e-01 6.87095e-01
9.40000e+02 4.99954e-01 6.90599e-01
9.50000e+02 4.99954e-01 6.93506e-01
9.60000e+02 4.99955e-01 6.95913e-01
9.70000e+02 4.99955e-01 6.97900e-01
9.80000e+02 4.99955e-01 6.99537e-01
9.90000e+02 4.99956e-01 7.00885e-01
1.00000e+03 4.99956e-01 7.01993e-01
1.01000e+03 4.99956e-01 7.02903e-01
1.02000e+03 4.99957e-01 7.03649e-01
1.03000e+03 4.99957e-01 7.04261e-01
1.04000e+03 4.99957e-01 7.04762e-01
1.05000e+03 4.99958e-01 7.05173e-01
1.06000e+03 4.99958e-01 7.05509e-01
1.07000e+03 4.99958e-01 7.05784e-01
1.08000e+03 4.99958e-01 7.06010e-01
1.09000e+03 4.99959e-01 7.06194e-01
1.10000e+03 4.99959e-01 7.06345e-01
1.11000e+03 4.99959e-01 7.06469e-01
1.12000e+03 4.99960e-01 7.06570e-01
1.13000e+03 4.99960e-01 7.06652e-01
1.14000e+03 4.99960e-01 7.06720e-01
1.15000e+03 4.99960e-01 7.06776e-01
1.16000e+03 4.99961e-01 7.06821e-01
1.17000e+03 4.99961e-01 7.06858e-01
1.18000e+03 4.99961e-01 7.06889e-01
1.19000e+03 4.99962e-01 7.06914e-01
1.20000e+03 4.99962e-01 7.06935e-01
1.21000e+03 4.99962e-01 7.06951e-01
1.22000e+03 4.99962e-01 7.06965e-01
1.23000e+03 4.99963e-01 7.06977e-01
1.24000e+03 4.99963e-01 7.06986e-01
1.25000e+03 4.99963e-01 7.06994e-01
1.26000e+03 4.99963e-01 7.07001e-01
1.27000e+03 4.99964e-01 7.07006e-01
1.28000e+03 4.99964e-01 7.07011e-01
1.29000e+03 4.99964e-01 7.07015e-01
1.30000e+03 4.99964e-01 7.07018e-01
1.31000e+03 4.99965e-01 7.07020e-01
1.32000e+03 4.99965e-01 7.07023e-01
1.33000e+03 4.99965e-01 7.07025e-01
1.34000e+03 4.99965e-01 7.07026e-01
1.35000e+03 4.99966e-01 7.07028e-01
1.36000e+03 4.99966e-01 7.07029e-01
1.37000e+03 4.99966e-01 7.07030e-01
1.38000e+03 4.99966e-01 7.07032e-01
1.39000e+03 4.99967e-01 7.07032e-01
1.40000e+03 4.99967e-01 7.07033e-01
1.41000e+03 4.99967e-01 7.07034e-01
1.42000e+03 4.99967e-01 7.07035e-01
1.43000e+03 4.99967e-01 7.07036e-01
1.44000e+03 4.99968e-01 7.07036e-01
1.45000e+03 4.99968e-01 7.07037e-01
1.46000e+03 4.99968e-01 7.07037e-01
1.47000e+03 4.99968e-01 7.07038e-01
1.48000e+03 4.99969e-01 7.07039e-01
1.49000e+03 4.99969e-01 7.07039e-01
1.50000e+03 4.99969e-01 7.07040e-01
1.51000e+03 4.99969e-01 7.07040e-01
1.52000e+03 4.99969e-01 7.07041e-01
1.53000e+03 4.99970e-01 7.07041e-01
1.54000e+03 4.99970e-01 7.07042e-01
1.55000e+03 4.99970e-01 7.07042e-01
1.56000e+03 4.99970e-01 7.07043e-01
1.57000e+03 4.99971e-01 7.07043e-01
1.58000e+03 4.99971e-01 7.07043e-01
1.59000e+03 4.99971e-01 7.07044e-01
1.60000e+03 4.99971e-01 7.07044e-01
1.61000e+03 4.99971e-01 7.07045e-01
1.62000e+03 4.99972e-01 7.07045e-01
1.63000e+03 4.99972e-01 7.07046e-01
1.64000e+03 4.99972e-01 7.07046e-01
1.65000e+03 4.99972e-01 7.07047e-01
1.66000e+03 4.99972e-01 7.07047e-01
1.67000e+03 4.99972e-01 7.07047e-01
1.68000e+03 4.99973e-01 7.07048e-01
1.69000e+03 4.99973e-01 7.07048e-01
1.70000e+03 4.99973e-01 7.07049e-01
1.71000e+03 4.99973e-01 7.07049e-01
1.72000e+03 4.99973e-01 7.07049e-01
1.73000e+03 4.99974e-01 7.07050e-01
1.74000e+03 4.99974e-01 7.07050e-01
1.75000e+03 4.99974e-01 7.07051e-01
1.76000e+03 4.99974e-01 7.07051e-01
1.77000e+03 4.99974e-01 7.07051e-01
1.78000e+03 4.99975e-01 7.07052e-01
1.79000e+03 4.99975e-01 7.07052e-01
1.80000e+03 4.99975e-01 7.07053e-01
1.81000e+03 4.99975e-01 7.07053e-01
1.82000e+03 4.99975e-01 7.07053e-01
1.83000e+03 4.99975e-01 7.07054e-01
1.84000e+03 4.99976e-01 7.07054e-01
1.85000e+03 4.99976e-01 7.07055e-01
1.86000e+03 4.99976e-01 7.07055e-01
1.87000e+03 4.99976e-01 7.07055e-01
1.88000e+03 4.99976e-01 7.07056e-01
1.89000e+03 4.99976e-01 7.07056e-01
1.90000e+03 4.99977e-01 7.07056e-01
1.91000e+03 4.99977e-01 7.07057e-01
1.92000e+03 4.99977e-01 7.07057e-01
1.93000e+03 4.99977e-01 7.07057e-01
1.94000e+03 4.99977e-01 7.07058e-01
1.95000e+03 4.99977e-01 7.07058e-01
1.96000e+03 4.99978e-01 7.07058e-01
1.97000e+03 4.99978e-01 7.07059e-01
1.98000e+03 4.99978e-01 7.07059e-01
1.99000e+03 4.99978e-01 7.07059e-01
2.00000e+03 4.99978e-01 7.07060e-01
