1.00000e+01 5.00001e-01 7.10519e-01
2.00000e+01 5.00001e-01 7.10515e-01
3.00000e+01 5.00001e-01 7.10511e-01
4.00000e+01 5.00001e-01 7.10507e-01
5.00000e+01 5.00001e-01 7.10503e-01
6.00000e+01 5.00001e-01 7.10498e-01
7.00000e+01 5.00001e-01 7.10494e-01
8.00000e+01 5.00001e-01 7.10490e-01
9.00000e+01 5.00001e-01 7.10486e-01
1.00000e+02 5.00001e-01 7.10482e-01
1.10000e+02 5.00001e-01 7.10478e-01
1.20000e+02 5.00001e-01 7.10474e-01
1.30000e+02 5.00001e-01 7.10470e-01
1.40000e+02 5.00001e-01 7.10466e-01
1.50000e+02 5.00001e-01 7.10462e-01
1.60000e+02 5.00001e-01 7.10458e-01
1.70000e+02 5.00001e-01 7.10454e-01
1.80000e+02 5.00001e-01 7.10450e-01
1.90000e+02 5.00001e-01 7.10446e-01
2.00000e+02 5.00001e-01 7.10442e-01
2.10000e+02 5.00001e-01 7.10438e-01
2.20000e+02 5.00001e-01 7.10434e-01
2.30000e+02 5.00001e-01 7.10430e-01
2.40000e+02 5.00001e-01 7.10426e-01
2.50000e+02 5.00001e-01 7.10422e-01
2.60000e+02 5.00001e-01 7.10418e-01
2.70000e+02 5.00001e-01 7.10414e-01
2.80000e+02 5.00001e-01 7.10411e-01
2.90000e+02 5.00001e-01 7.10407e-01
3.00000e+02 5.00001e-01 7.10403e-01
3.10000e+02 5.00001e-01 7.10399e-01
3.20000e+02 5.00001e-01 7.10395e-01
3.30000e+02 5.00001e-01 7.10391e-01
3.40000e+02 5.00001e-01 7.10387e-01
3.50000e+02 5.00001e-01 7.10383e-01
3.60000e+02 5.00001e-01 7.10379e-01
3.70000e+02 5.00001e-01 7.10375e-01
3.80000e+02 5.00001e-01 7.10371e-01
3.90000e+02 5.00001e-01 7.10368e-01
4.00000e+02 5.00001e-01 7.10364e-01
4.10000e+02 5.00001e-01 7.10360e-01
4.20000e+02 5.00001e-01 7.10356e-01
4.30000e+02 5.00001e-01 7.10352e-01
4.40000e+02 5.00001e-01 7.10348e-01
4.50000e+02 5.00001e-01 7.10344e-01
4.60000e+02 5.00001e-01 7.10341e-01
4.70000e+02 5.00001e-01 7.10337e-01
4.80000e+02 5.00001e-01 7.10333e-01
4.90000e+02 5.00001e-01 7.10329e-01
5.00000e+02 5.00001e-01 7.10325e-01
5.10000e+02 5.00000e-01 7.10321e-01
5.20000e+02 5.00000e-01 7.10318e-01
5.30000e+02 5.00000e-01 7.10314e-01
5.40000e+02 5.00000e-01 7.10310e-01
5.50000e+02 5.00000e-01 7.10306e-01
5.60000e+02 5.00000e-01 7.10302e-01
5.70000e+02 5.00000e-01 7.10299e-01
5.80000e+02 5.00000e-01 7.10295e-01
5.90000e+02 5.00000e-01 7.10291e-01
6.00000e+02 5.00000e-01 7.10287e-01
6.10000e+02 5.00000e-01 7.10283e-01
6.20000e+02 5.00000e-01 7.10280e-01
6.30000e+02 5.00000e-01 7.10276e-01
6.40000e+02 5.00000e-01 7.10272e-01
6.50000e+02 5.00000e-01 7.10268e-01
6.60000e+02 5.00000e-01 7.10265e-01
6.70000e+02 5.00000e-01 7.10261e-01
6.80000e+02 5.00000e-01 7.10257e-01
6.90000e+02 5.00000e-01 7.10254e-01
7.00000e+02 5.00000e-01 7.10250e-01
7.10000e+02 5.00000e-01 7.10246e-01
7.20000e+02 5.00000e-01 7.10242e-01
7.30000e+02 5.00000e-01 7.10239e-01
7.40000e+02 5.00000e-01 7.10235e-01
7.50000e+02 5.00000e-01 7.10231e-01
7.60000e+02 5.00000e-01 7.10228e-01
7.70000e+02 5.00000e-01 7.10224e-01
7.80000e+02 5.00000e-01 7.10220e-01
7.90000e+02 5.00000e-01 7.10217e-01
8.00000e+02 5.00000e-01 7.10213e-01
8.10000e+02 5.00000e-01 7.10209e-01
8.20000e+02 5.00000e-01 7.10206e-01
8.30000e+02 5.00000e-01 7.10202e-01
8.40000e+02 5.00000e-01 7.10198e-01
8.50000e+02 5.00000e-01 7.10195e-01
8.60000e+02 5.00000e-01 7.10191e-01
8.70000e+02 5.00000e-01 7.10187e-01
8.80000e+02 5.00000e-01 7.10184e-01
8.90000e+02 5.00000e-01 7.10180e-01
9.00000e+02 5.00000e-01 7.10176e-01
9.10000e+02 5.00000e-01 7.10173e-01
9.20000e+02 5.00000e-01 7.10169e-01
9.30000e+02 5.00000e-01 7.10166e-01
9.40000e+02 5.00000e-01 7.10162e-01
9.50000e+02 5.00000e-01 7.10158e-01
9.60000e+02 5.00000e-01 7.10155e-01
9.70000e+02 5.00000e-01 7.10151e-01
9.80000e+02 5.00000e-01 7.10148e-01
9.90000e+02 5.00000e-01 7.10144e-01
1.00000e+03 5.00000e-01 7.10140e-01
1.01000e+03 5.00000e-01 7.10137e-01
1.02000e+03 5.00000e-01 7.10133e-01
1.03000e+03 5.00000e-01 7.10130e-01
1.04000e+03 5.00000e-01 7.10126e-01
1.05000e+03 5.00000e-01 7.10123e-01
1.06000e+03 5.00000e-01 7.10119e-01
1.07000e+03 5.00000e-01 7.10116e-01
1.08000e+03 5.00000e-01 7.10112e-01
1.09000e+03 5.00000e-01 7.10108e-01
1.10000e+03 5.00000e-01 7.10105e-01
1.11000e+03 5.00000e-01 7.10101e-01
1.12000e+03 5.00000e-01 7.10098e-01
1.13000e+03 5.00000e-01 7.10094e-01
1.14000e+03 5.00000e-01 7.10091e-01
1.15000e+03 5.00000e-01 7.10087e-01
1.16000e+03 5.00000e-01 7.10084e-01
1.17000e+03 5.00000e-01 7.10080e-01
1.18000e+03 5.00000e-01 7.10077e-01
1.19000e+03 5.00000e-01 7.10073e-01
1.20000e+03 5.00000e-01 7.10070e-01
1.21000e+03 5.00000e-01 7.10066e-01
1.22000e+03 5.00000e-01 7.10063e-01
1.23000e+03 5.00000e-01 7.10059e-01
1.24000e+03 5.00000e-01 7.10056e-01
1.25000e+03 5.00000e-01 7.10053e-01
1.26000e+03 5.00000e-01 7.10049e-01
1.27000e+03 5.00000e-01 7.10046e-01
1.28000e+03 5.00000e-01 7.10042e-01
1.29000e+03 5.00000e-01 7.10039e-01
1.30000e+03 5.00000e-01 7.10035e-01
1.31000e+03 5.00000e-01 7.10032e-01
1.32000e+03 5.00000e-01 7.10028e-01
1.33000e+03 5.00000e-01 7.10025e-01
1.34000e+03 5.00000e-01 7.10022e-01
1.35000e+03 5.00000e-01 7.10018e-01
1.36000e+03 5.00000e-01 7.10015e-01
1.37000e+03 5.00000e-01 7.10011e-01
1.38000e+03 5.00000e-01 7.10008e-01
1.39000e+03 5.00000e-01 7.10005e-01
1.40000e+03 5.00000e-01 7.10001e-01
1.41000e+03 5.00000e-01 7.09998e-01
1.42000e+03 5.00000e-01 7.09994e-01
1.43000e+03 5.00000e-01 7.09991e-01
1.44000e+03 5.00000e-01 7.09988e-01
1.45000e+03 5.00000e-01 7.09984e-01
1.46000e+03 5.00000e-01 7.09981e-01
1.47000e+03 5.00000e-01 7.09978e-01
1.48000e+03 5.00000e-01 7.09974e-01
1.49000e+03 5.00000e-01 7.09971e-01
1.50000e+03 5.00000e-01 7.09967e-01
1.51000e+03 5.00000e-01 7.09964e-01
1.52000e+03 5.00000e-01 7.09961e-01
1.53000e+03 5.00000e-01 7.09957e-01
1.54000e+03 5.00000e-01 7.09954e-01
1.55000e+03 5.00000e-01 7.09951e-01
1.56000e+03 5.00000e-01 7.09947e-01
1.57000e+03 5.00000e-01 7.09944e-01
1.58000e+03 5.00000e-01 7.09941e-01
1.59000e+03 5.00000e-01 7.09938e-01
1.60000e+03 5.00000e-01 7.09934e-01
1.61000e+03 5.00000e-01 7.09931e-01
1.62000e+03 5.00000e-01 7.09928e-01
1.63000e+03 5.00000e-01 7.09924e-01
1.64000e+03 5.00000e-01 7.09921e-01
1.65000e+03 5.00000e-01 7.09918e-01
1.66000e+03 5.00000e-01 7.09914e-01
1.67000e+03 5.00000e-01 7.09911e-01
1.68000e+03 5.00000e-01 7.09908e-01
1.69000e+03 5.00000e-01 7.09905e-01
1.70000e+03 5.00000e-01 7.09901e-01
1.71000e+03 5.00000e-01 7.09898e-01
1.72000e+03 5.00000e-01 7.09895e-01
1.73000e+03 5.00000e-01 7.09892e-01
1.74000e+03 5.00000e-01 7.09888e-01
1.75000e+03 5.00000e-01 7.09885e-01
1.76000e+03 5.00000e-01 7.09882e-01
1.77000e+03 5.00000e-01 7.09879e-01
1.78000e+03 5.00000e-01 7.09875e-01
1.79000e+03 5.00000e-01 7.09872e-01
1.80000e+03 5.00000e-01 7.09869e-01
1.81000e+03 5.00000e-01 7.09866e-01
1.82000e+03 5.00000e-01 7.09863e-01
1.83000e+03 5.00000e-01 7.09859e-01
1.84000e+03 5.00000e-01 7.09856e-01
1.85000e+03 5.00000e-01 7.09853e-01
1.86000e+03 5.00000e-01 7.09850e-01
1.87000e+03 5.00000e-01 7.09847e-01
1.88000e+03 5.00000e-01 7.09843e-01
1.89000e+03 5.00000e-01 7.09840e-01
1.90000e+03 5.00000e-01 7.09837e-01
1.91000e+03 5.00000e-01 7.09834e-01
1.92000e+03 5.00000e-01 7.09831e-01
1.93000e+03 5.00000e-01 7.09827e-01
1.94000e+03 5.00000e-01 7.09824e-01
1.95000e+03 5.00000e-01 7.09821e-01
1.96000e+03 5.00000e-01 7.09818e-01
1.97000e+03 5.00000e-01 7.09815e-01
1.98000e+03 5.00000e-01 7.09812e-01
1.99000e+03 5.00000e-01 7.09809e-01
2.00000e+03 5.00000e-01 7.09805e-01
