1.00000e+01 4.99912e-01 3.31433e-04
2.00000e+01 4.99912e-01 3.66002e-04
3.00000e+01 4.99913e-01 4.04127e-04
4.00000e+01 4.99913e-01 4.46210e-04
5.00000e+01 4.99913e-01 4.92675e-04
6.00000e+01 4.99914e-01 5.43984e-04
7.00000e+01 4.99914e-01 6.00646e-04
8.00000e+01 4.99914e-01 6.63222e-04
9.00000e+01 4.99915e-01 7.32330e-04
1.00000e+02 4.99915e-01 8.08650e-04
1.10000e+02 4.99915e-01 8.92937e-04
1.20000e+02 4.99916e-01 9.86023e-04
1.30000e+02 4.99916e-01 1.08883e-03
1.40000e+02 4.99916e-01 1.20236e-03
1.50000e+02 4.99917e-01 1.32775e-03
1.60000e+02 4.99917e-01 1.46623e-03
1.70000e+02 4.99917e-01 1.61916e-03
1.80000e+02 4.99918e-01 1.78807e-03
1.90000e+02 4.99918e-01 1.97461e-03
2.00000e+02 4.99918e-01 2.18063e-03
2.10000e+02 4.99919e-01 2.40816e-03
2.20000e+02 4.99919e-01 2.65946e-03
2.30000e+02 4.99919e-01 2.93699e-03
2.40000e+02 4.99920e-01 3.24351e-03
2.50000e+02 4.99920e-01 3.58204e-03
2.60000e+02 4.99920e-01 3.95591e-03
2.70000e+02 4.99921e-01 4.36883e-03
2.80000e+02 4.99921e-01 4.82487e-03
2.90000e+02 4.99921e-01 5.32854e-03
3.00000e+02 4.99922e-01 5.88479e-03
3.10000e+02 4.99922e-01 6.49912e-03
3.20000e+02 4.99922e-01 7.17759e-03
3.30000e+02 4.99923e-01 7.92689e-03
3.40000e+02 4.99923e-01 8.75440e-03
3.50000e+02 4.99923e-01 9.66828e-03
3.60000e+02 4.99924e-01 1.06775e-02
3.70000e+02 4.99924e-01 1.17920e-02
3.80000e+02 4.99924e-01 1.30228e-02
3.90000e+02 4.99924e-01 1.43819e-02
4.00000e+02 4.99925e-01 1.58826e-02
4.10000e+02 4.99925e-01 1.75396e-02
4.20000e+02 4.99925e-01 1.93691e-02
4.30000e+02 4.99926e-01 2.13890e-02
4.40000e+02 4.99926e-01 2.36188e-02
4.50000e+02 4.99926e-01 2.60802e-02
4.60000e+02 4.99927e-01 2.87969e-02
4.70000e+02 4.99927e-01 3.17950e-02
4.80000e+02 4.99927e-01 3.51031e-02
4.90000e+02 4.99927e-01 3.87526e-02
5.00000e+02 4.99928e-01 4.27778e-02
5.10000e+02 4.99928e-01 4.72161e-02
5.20000e+02 4.99928e-01 5.21084e-02
5.30000e+02 4.99929e-01 5.74990e-02
5.40000e+02 4.99929e-01 6.34360e-02
5.50000e+02 4.99929e-01 6.99711e-02
5.60000e+02 4.99929e-01 7.71599e-02
5.70000e+02 4.99930e-01 8.50615e-02
5.80000e+02 4.99930e-01 9.37384e-02
5.90000e+02 4.99930e-01 1.03256e-01
6.00000e+02 4.99931e-01 1.13683e-01
6.10000e+02 4.99931e-01 1.25086e-01
6.20000e+02 4.99931e-01 1.37536e-01
6.30000e+02 4.99931e-01 1.51098e-01
6.40000e+02 4.99932e-01 1.65833e-01
6.50000e+02 4.99932e-01 1.81795e-01
6.60000e+02 4.99932e-01 1.99024e-01
6.70000e+02 4.99932e-01 2.17546e-01
6.80000e+02 4.99933e-01 2.37364e-01
6.90000e+02 4.99933e-01 2.58453e-01
7.00000e+02 4.99933e-01 2.80758e-01
7.10000e+02 4.99934e-01 3.04183e-01
7.20000e+02 4.99934e-01 3.28593e-01
7.30000e+02 4.99934e-01 3.53808e-01
7.40000e+02 4.99934e-01 3.79608e-01
7.50000e+02 4.99935e-01 4.05732e-01
7.60000e+02 4.99935e-01 4.31888e-01
7.70000e+02 4.99935e-01 4.57763e-01
7.80000e+02 4.99935e-01 4.83040e-01
7.90000e+02 4.99936e-01 5.07410e-01
8.00000e+02 4.99936e-01 5.30589e-01
8.10000e+02 4.99936e-01 5.52338e-01
8.20000e+02 4.99936e-01 5.72469e-01
8.30000e+02 4.99937e-01 5.90854e-01
8.40000e+02 4.99937e-01 6.07429e-01
8.50000e+02 4.99937e-01 6.22192e-01
8.60000e+02 4.99937e-01 6.35191e-01
8.70000e+02 4.99938e-01 6.46517e-01
8.80000e+02 4.99938e-01 6.56295e-01
8.90000e+02 4.99938e-01 6.64664e-01
9.00000e+02 4.99938e-01 6.71775e-01
9.10000e+02 4.99939e-01 6.77779e-01
9.20000e+02 4.99939e-01 6.82821e-01
9.30000e+02 4.99939e-01 6.87035e-01
9.40000e+02 4.99939e-01 6.90544e-01
9.50000e+02 4.99940e-01 6.93455e-01
9.60000e+02 4.99940e-01 6.95865e-01
9.70000e+02 4.99940e-01 6.97855e-01
9.80000e+02 4.99940e-01 6.99495e-01
9.90000e+02 4.99941e-01 7.00845e-01
1.00000e+03 4.99941e-01 7.01954e-01
1.01000e+03 4.99941e-01 7.02865e-01
1.02000e+03 4.99941e-01 7.03613e-01
1.03000e+03 4.99942e-01 7.04225e-01
1.04000e+03 4.99942e-01 7.04727e-01
1.05000e+03 4.99942e-01 7.05139e-01
1.06000e+03 4.99942e-01 7.05475e-01
1.07000e+03 4.99942e-01 7.05751e-01
1.08000e+03 4.99943e-01 7.05976e-01
1.09000e+03 4.99943e-01 7.06161e-01
1.10000e+03 4.99943e-01 7.06312e-01
1.11000e+03 4.99943e-01 7.06436e-01
1.12000e+03 4.99944e-01 7.06537e-01
1.13000e+03 4.99944e-01 7.06620e-01
1.14000e+03 4.99944e-01 7.06687e-01
1.15000e+03 4.99944e-01 7.06743e-01
1.16000e+03 4.99944e-01 7.06788e-01
1.17000e+03 4.99945e-01 7.06825e-01
1.18000e+03 4.99945e-01 7.06856e-01
1.19000e+03 4.99945e-01 7.06881e-01
1.20000e+03 4.99945e-01 7.06901e-01
1.21000e+03 4.99946e-01 7.06918e-01
1.22000e+03 4.99946e-01 7.06932e-01
1.23000e+03 4.99946e-01 7.06944e-01
1.24000e+03 4.99946e-01 7.06953e-01
1.25000e+03 4.99946e-01 7.06961e-01
1.26000e+03 4.99947e-01 7.06967e-01
1.27000e+03 4.99947e-01 7.06973e-01
1.28000e+03 4.99947e-01 7.06977e-01
1.29000e+03 4.99947e-01 7.06981e-01
1.30000e+03 4.99947e-01 7.06984e-01
1.31000e+03 4.99948e-01 7.06987e-01
1.32000e+03 4.99948e-01 7.06989e-01
1.33000e+03 4.99948e-01 7.06991e-01
1.34000e+03 4.99948e-01 7.06992e-01
1.35000e+03 4.99949e-01 7.06994e-01
1.36000e+03 4.99949e-01 7.06995e-01
1.37000e+03 4.99949e-01 7.06996e-01
1.38000e+03 4.99949e-01 7.06997e-01
1.39000e+03 4.99949e-01 7.06998e-01
1.40000e+03 4.99950e-01 7.06999e-01
1.41000e+03 4.99950e-01 7.06999e-01
1.42000e+03 4.99950e-01 7.07000e-01
1.43000e+03 4.99950e-01 7.07001e-01
1.44000e+03 4.99950e-01 7.07001e-01
1.45000e+03 4.99951e-01 7.07002e-01
1.46000e+03 4.99951e-01 7.07003e-01
1.47000e+03 4.99951e-01 7.07003e-01
1.48000e+03 4.99951e-01 7.07004e-01
1.49000e+03 4.99951e-01 7.07004e-01
1.50000e+03 4.99952e-01 7.07005e-01
1.51000e+03 4.99952e-01 7.07005e-01
1.52000e+03 4.99952e-01 7.07005e-01
1.53000e+03 4.99952e-01 7.07006e-01
1.54000e+03 4.99952e-01 7.07006e-01
1.55000e+03 4.99952e-01 7.07007e-01
1.56000e+03 4.99953e-01 7.07007e-01
1.57000e+03 4.99953e-01 7.07008e-01
1.58000e+03 4.99953e-01 7.07008e-01
1.59000e+03 4.99953e-01 7.07008e-01
1.60000e+03 4.99953e-01 7.07009e-01
1.61000e+03 4.99954e-01 7.07009e-01
1.62000e+03 4.99954e-01 7.07010e-01
1.63000e+03 4.99954e-01 7.07010e-01
1.64000e+03 4.99954e-01 7.07011e-01
1.65000e+03 4.99954e-01 7.07011e-01
1.66000e+03 4.99955e-01 7.07011e-01
1.67000e+03 4.99955e-01 7.07012e-01
1.68000e+03 4.99955e-01 7.07012e-01
1.69000e+03 4.99955e-01 7.07013e-01
1.70000e+03 4.99955e-01 7.07013e-01
1.71000e+03 4.99955e-01 7.07013e-01
1.72000e+03 4.99956e-01 7.07014e-01
1.73000e+03 4.99956e-01 7.07014e-01
1.74000e+03 4.99956e-01 7.07015e-01
1.75000e+03 4.99956e-01 7.07015e-01
1.76000e+03 4.99956e-01 7.07015e-01
1.77000e+03 4.99956e-01 7.07016e-01
1.78000e+03 4.99957e-01 7.07016e-01
1.79000e+03 4.99957e-01 7.07017e-01
1.80000e+03 4.99957e-01 7.07017e-01
1.81000e+03 4.99957e-01 7.07017e-01
1.82000e+03 4.99957e-01 7.07018e-01
1.83000e+03 4.99958e-01 7.07018e-01
1.84000e+03 4.99958e-01 7.07018e-01
1.85000e+03 4.99958e-01 7.07019e-01
1.86000e+03 4.99958e-01 7.07019e-01
1.87000e+03 4.99958e-01 7.07020e-01
1.88000e+03 4.99958e-01 7.07020e-01
1.89000e+03 4.99959e-01 7.07020e-01
1.90000e+03 4.99959e-01 7.07021e-01
1.91000e+03 4.99959e-01 7.07021e-01
1.92000e+03 4.99959e-01 7.07021e-01
1.93000e+03 4.99959e-01 7.07022e-01
1.94000e+03 4.99959e-01 7.07022e-01
1.95000e+03 4.99960e-01 7.07022e-01
1.96000e+03 4.99960e-01 7.07023e-01
1.97000e+03 4.99960e-01 7.07023e-01
1.98000e+03 4.99960e-01 7.07024e-01
1.99000e+03 4.99960e-01 7.07024e-01
2.00000e+03 4.99960e-01 7.07024e-01
