1.00000e+01 5.00360e-01 8.07854e-05
2.00000e+01 5.00360e-01 8.91735e-05
3.00000e+01 5.00359e-01 9.84517e-05
4.00000e+01 5.00359e-01 1.08680e-04
5.00000e+01 5.00359e-01 1.19960e-04
6.00000e+01 5.00358e-01 1.32408e-04
7.00000e+01 5.00358e-01 1.46151e-04
8.00000e+01 5.00357e-01 1.61326e-04
9.00000e+01 5.00357e-01 1.78083e-04
1.00000e+02 5.00357e-01 1.96589e-04
1.10000e+02 5.00356e-01 2.17028e-04
1.20000e+02 5.00356e-01 2.39601e-04
1.30000e+02 5.00356e-01 2.64532e-04
1.40000e+02 5.00355e-01 2.92067e-04
1.50000e+02 5.00355e-01 3.22480e-04
1.60000e+02 5.00355e-01 3.56070e-04
