1.00000e+01 4.99912e-01 3.31433e-04
2.00000e+01 4.99912e-01 3.66002e-04
3.00000e+01 4.99913e-01 4.04127e-04
4.00000e+01 4.99913e-01 4.46209e-04
5.00000e+01 4.99913e-01 4.92673e-04
6.00000e+01 4.99913e-01 5.43981e-04
7.00000e+01 4.99914e-01 6.00642e-04
8.00000e+01 4.99914e-01 6.63216e-04
9.00000e+01 4.99914e-01 7.32320e-04
1.00000e+02 4.99914e-01 8.08637e-04
1.10000e+02 4.99915e-01 8.92920e-04
1.20000e+02 4.99915e-01 9.86000e-04
1.30000e+02 4.99915e-01 1.08880e-03
1.40000e+02 4.99915e-01 1.20232e-03
1.50000e+02 4.99916e-01 1.32770e-03
1.60000e+02 4.99916e-01 1.46617e-03
1.70000e+02 4.99916e-01 1.61909e-03
1.80000e+02 4.99916e-01 1.78798e-03
1.90000e+02 4.99917e-01 1.97451e-03
2.00000e+02 4.99917e-01 2.18051e-03
2.10000e+02 4.99917e-01 2.40802e-03
2.20000e+02 4.99917e-01 2.65928e-03
2.30000e+02 4.99918e-01 2.93678e-03
2.40000e+02 4.99918e-01 3.24326e-03
2.50000e+02 4.99918e-01 3.58174e-03
2.60000e+02 4.99918e-01 3.95557e-03
2.70000e+02 4.99919e-01 4.36843e-03
2.80000e+02 4.99919e-01 4.82440e-03
2.90000e+02 4.99919e-01 5.32799e-03
3.00000e+02 4.99919e-01 5.88415e-03
3.10000e+02 4.99920e-01 6.49838e-03
3.20000e+02 4.99920e-01 7.17674e-03
3.30000e+02 4.99920e-01 7.92591e-03
3.40000e+02 4.99920e-01 8.75327e-03
3.50000e+02 4.99921e-01 9.66697e-03
3.60000e+02 4.99921e-01 1.06760e-02
3.70000e+02 4.99921e-01 1.17903e-02
3.80000e+02 4.99921e-01 1.30208e-02
3.90000e+02 4.99922e-01 1.43796e-02
4.00000e+02 4.99922e-01 1.58800e-02
4.10000e+02 4.99922e-01 1.75367e-02
4.20000e+02 4.99922e-01 1.93658e-02
4.30000e+02 4.99922e-01 2.13852e-02
4.40000e+02 4.99923e-01 2.36145e-02
4.50000e+02 4.99923e-01 2.60753e-02
4.60000e+02 4.99923e-01 2.87914e-02
4.70000e+02 4.99923e-01 3.17887e-02
4.80000e+02 4.99924e-01 3.50960e-02
4.90000e+02 4.99924e-01 3.87445e-02
5.00000e+02 4.99924e-01 4.27687e-02
5.10000e+02 4.99924e-01 4.72058e-02
5.20000e+02 4.99925e-01 5.20968e-02
5.30000e+02 4.99925e-01 5.74860e-02
5.40000e+02 4.99925e-01 6.34213e-02
5.50000e+02 4.99925e-01 6.99546e-02
5.60000e+02 4.99925e-01 7.71413e-02
5.70000e+02 4.99926e-01 8.50407e-02
5.80000e+02 4.99926e-01 9.37152e-02
5.90000e+02 4.99926e-01 1.03230e-01
6.00000e+02 4.99926e-01 1.13654e-01
6.10000e+02 4.99927e-01 1.25054e-01
6.20000e+02 4.99927e-01 1.37500e-01
6.30000e+02 4.99927e-01 1.51058e-01
6.40000e+02 4.99927e-01 1.65789e-01
6.50000e+02 4.99927e-01 1.81747e-01
6.60000e+02 4.99928e-01 1.98972e-01
6.70000e+02 4.99928e-01 2.17490e-01
6.80000e+02 4.99928e-01 2.37303e-01
6.90000e+02 4.99928e-01 2.58388e-01
7.00000e+02 4.99928e-01 2.80688e-01
7.10000e+02 4.99929e-01 3.04108e-01
7.20000e+02 4.99929e-01 3.28515e-01
7.30000e+02 4.99929e-01 3.53728e-01
7.40000e+02 4.99929e-01 3.79526e-01
7.50000e+02 4.99930e-01 4.05648e-01
7.60000e+02 4.99930e-01 4.31804e-01
7.70000e+02 4.99930e-01 4.57680e-01
7.80000e+02 4.99930e-01 4.82959e-01
7.90000e+02 4.99930e-01 5.07331e-01
8.00000e+02 4.99931e-01 5.30514e-01
8.10000e+02 4.99931e-01 5.52268e-01
8.20000e+02 4.99931e-01 5.72403e-01
8.30000e+02 4.99931e-01 5.90793e-01
8.40000e+02 4.99931e-01 6.07374e-01
8.50000e+02 4.99932e-01 6.22142e-01
8.60000e+02 4.99932e-01 6.35145e-01
8.70000e+02 4.99932e-01 6.46477e-01
8.80000e+02 4.99932e-01 6.56258e-01
8.90000e+02 4.99932e-01 6.64631e-01
9.00000e+02 4.99933e-01 6.71745e-01
9.10000e+02 4.99933e-01 6.77752e-01
9.20000e+02 4.99933e-01 6.82796e-01
9.30000e+02 4.99933e-01 6.87012e-01
9.40000e+02 4.99933e-01 6.90523e-01
9.50000e+02 4.99934e-01 6.93436e-01
9.60000e+02 4.99934e-01 6.95847e-01
9.70000e+02 4.99934e-01 6.97838e-01
9.80000e+02 4.99934e-01 6.99479e-01
9.90000e+02 4.99934e-01 7.00829e-01
1.00000e+03 4.99935e-01 7.01939e-01
1.01000e+03 4.99935e-01 7.02851e-01
1.02000e+03 4.99935e-01 7.03598e-01
1.03000e+03 4.99935e-01 7.04211e-01
1.04000e+03 4.99935e-01 7.04714e-01
1.05000e+03 4.99936e-01 7.05125e-01
1.06000e+03 4.99936e-01 7.05462e-01
1.07000e+03 4.99936e-01 7.05737e-01
1.08000e+03 4.99936e-01 7.05963e-01
1.09000e+03 4.99936e-01 7.06148e-01
1.10000e+03 4.99937e-01 7.06299e-01
1.11000e+03 4.99937e-01 7.06422e-01
1.12000e+03 4.99937e-01 7.06523e-01
1.13000e+03 4.99937e-01 7.06606e-01
1.14000e+03 4.99937e-01 7.06674e-01
1.15000e+03 4.99938e-01 7.06729e-01
1.16000e+03 4.99938e-01 7.06775e-01
1.17000e+03 4.99938e-01 7.06812e-01
1.18000e+03 4.99938e-01 7.06842e-01
1.19000e+03 4.99938e-01 7.06867e-01
1.20000e+03 4.99938e-01 7.06888e-01
1.21000e+03 4.99939e-01 7.06905e-01
1.22000e+03 4.99939e-01 7.06918e-01
1.23000e+03 4.99939e-01 7.06930e-01
1.24000e+03 4.99939e-01 7.06939e-01
1.25000e+03 4.99939e-01 7.06947e-01
1.26000e+03 4.99940e-01 7.06953e-01
1.27000e+03 4.99940e-01 7.06959e-01
1.28000e+03 4.99940e-01 7.06963e-01
1.29000e+03 4.99940e-01 7.06967e-01
1.30000e+03 4.99940e-01 7.06970e-01
1.31000e+03 4.99940e-01 7.06972e-01
1.32000e+03 4.99941e-01 7.06974e-01
1.33000e+03 4.99941e-01 7.06976e-01
1.34000e+03 4.99941e-01 7.06978e-01
1.35000e+03 4.99941e-01 7.06979e-01
1.36000e+03 4.99941e-01 7.06980e-01
1.37000e+03 4.99942e-01 7.06981e-01
1.38000e+03 4.99942e-01 7.06982e-01
1.39000e+03 4.99942e-01 7.06983e-01
1.40000e+03 4.99942e-01 7.06984e-01
1.41000e+03 4.99942e-01 7.06985e-01
1.42000e+03 4.99942e-01 7.06985e-01
1.43000e+03 4.99943e-01 7.06986e-01
1.44000e+03 4.99943e-01 7.06986e-01
1.45000e+03 4.99943e-01 7.06987e-01
1.46000e+03 4.99943e-01 7.06987e-01
1.47000e+03 4.99943e-01 7.06988e-01
1.48000e+03 4.99943e-01 7.06988e-01
1.49000e+03 4.99944e-01 7.06989e-01
1.50000e+03 4.99944e-01 7.06989e-01
1.51000e+03 4.99944e-01 7.06990e-01
1.52000e+03 4.99944e-01 7.06990e-01
1.53000e+03 4.99944e-01 7.06990e-01
1.54000e+03 4.99944e-01 7.06991e-01
1.55000e+03 4.99945e-01 7.06991e-01
1.56000e+03 4.99945e-01 7.06992e-01
1.57000e+03 4.99945e-01 7.06992e-01
1.58000e+03 4.99945e-01 7.06992e-01
1.59000e+03 4.99945e-01 7.06993e-01
1.60000e+03 4.99945e-01 7.06993e-01
1.61000e+03 4.99946e-01 7.06994e-01
1.62000e+03 4.99946e-01 7.06994e-01
1.63000e+03 4.99946e-01 7.06994e-01
1.64000e+03 4.99946e-01 7.06995e-01
1.65000e+03 4.99946e-01 7.06995e-01
1.66000e+03 4.99946e-01 7.06995e-01
1.67000e+03 4.99947e-01 7.06996e-01
1.68000e+03 4.99947e-01 7.06996e-01
1.69000e+03 4.99947e-01 7.06997e-01
1.70000e+03 4.99947e-01 7.06997e-01
1.71000e+03 4.99947e-01 7.06997e-01
1.72000e+03 4.99947e-01 7.06998e-01
1.73000e+03 4.99947e-01 7.06998e-01
1.74000e+03 4.99948e-01 7.06998e-01
1.75000e+03 4.99948e-01 7.06999e-01
1.76000e+03 4.99948e-01 7.06999e-01
1.77000e+03 4.99948e-01 7.06999e-01
1.78000e+03 4.99948e-01 7.07000e-01
1.79000e+03 4.99948e-01 7.07000e-01
1.80000e+03 4.99949e-01 7.07001e-01
1.81000e+03 4.99949e-01 7.07001e-01
1.82000e+03 4.99949e-01 7.07001e-01
1.83000e+03 4.99949e-01 7.07002e-01
1.84000e+03 4.99949e-01 7.07002e-01
1.85000e+03 4.99949e-01 7.07002e-01
1.86000e+03 4.99950e-01 7.07003e-01
1.87000e+03 4.99950e-01 7.07003e-01
1.88000e+03 4.99950e-01 7.07003e-01
1.89000e+03 4.99950e-01 7.07004e-01
1.90000e+03 4.99950e-01 7.07004e-01
1.91000e+03 4.99950e-01 7.07004e-01
1.92000e+03 4.99950e-01 7.07005e-01
1.93000e+03 4.99951e-01 7.07005e-01
1.94000e+03 4.99951e-01 7.07005e-01
1.95000e+03 4.99951e-01 7.07006e-01
1.96000e+03 4.99951e-01 7.07006e-01
1.97000e+03 4.99951e-01 7.07007e-01
1.98000e+03 4.99951e-01 7.07007e-01
1.99000e+03 4.99951e-01 7.07007e-01
2.00000e+03 4.99952e-01 7.07008e-01
