1.00000e+01 4.99912e-01 3.31433e-04
2.00000e+01 4.99912e-01 3.66002e-04
3.00000e+01 4.99913e-01 4.04128e-04
4.00000e+01 4.99913e-01 4.46211e-04
5.00000e+01 4.99914e-01 4.92676e-04
6.00000e+01 4.99914e-01 5.43987e-04
7.00000e+01 4.99915e-01 6.00651e-04
8.00000e+01 4.99915e-01 6.63229e-04
9.00000e+01 4.99915e-01 7.32339e-04
1.00000e+02 4.99916e-01 8.08663e-04
1.10000e+02 4.99916e-01 8.92954e-04
1.20000e+02 4.99917e-01 9.86045e-04
1.30000e+02 4.99917e-01 1.08885e-03
1.40000e+02 4.99918e-01 1.20240e-03
1.50000e+02 4.99918e-01 1.32779e-03
1.60000e+02 4.99918e-01 1.46628e-03
1.70000e+02 4.99919e-01 1.61923e-03
1.80000e+02 4.99919e-01 1.78815e-03
1.90000e+02 4.99920e-01 1.97471e-03
2.00000e+02 4.99920e-01 2.18075e-03
2.10000e+02 4.99920e-01 2.40831e-03
2.20000e+02 4.99921e-01 2.65963e-03
2.30000e+02 4.99921e-01 2.93720e-03
2.40000e+02 4.99922e-01 3.24376e-03
2.50000e+02 4.99922e-01 3.58232e-03
2.60000e+02 4.99922e-01 3.95625e-03
2.70000e+02 4.99923e-01 4.36923e-03
2.80000e+02 4.99923e-01 4.82534e-03
2.90000e+02 4.99924e-01 5.32908e-03
3.00000e+02 4.99924e-01 5.88541e-03
3.10000e+02 4.99924e-01 6.49985e-03
3.20000e+02 4.99925e-01 7.17843e-03
3.30000e+02 4.99925e-01 7.92786e-03
3.40000e+02 4.99925e-01 8.75551e-03
3.50000e+02 4.99926e-01 9.66956e-03
3.60000e+02 4.99926e-01 1.06790e-02
3.70000e+02 4.99927e-01 1.17937e-02
3.80000e+02 4.99927e-01 1.30247e-02
3.90000e+02 4.99927e-01 1.43840e-02
4.00000e+02 4.99928e-01 1.58851e-02
4.10000e+02 4.99928e-01 1.75425e-02
4.20000e+02 4.99928e-01 1.93724e-02
4.30000e+02 4.99929e-01 2.13927e-02
4.40000e+02 4.99929e-01 2.36231e-02
4.50000e+02 4.99929e-01 2.60850e-02
4.60000e+02 4.99930e-01 2.88024e-02
4.70000e+02 4.99930e-01 3.18012e-02
4.80000e+02 4.99930e-01 3.51101e-02
4.90000e+02 4.99931e-01 3.87605e-02
5.00000e+02 4.99931e-01 4.27867e-02
5.10000e+02 4.99932e-01 4.72261e-02
5.20000e+02 4.99932e-01 5.21197e-02
5.30000e+02 4.99932e-01 5.75118e-02
5.40000e+02 4.99933e-01 6.34504e-02
5.50000e+02 4.99933e-01 6.99872e-02
5.60000e+02 4.99933e-01 7.71779e-02
5.70000e+02 4.99934e-01 8.50817e-02
5.80000e+02 4.99934e-01 9.37610e-02
5.90000e+02 4.99934e-01 1.03282e-01
6.00000e+02 4.99935e-01 1.13711e-01
6.10000e+02 4.99935e-01 1.25118e-01
6.20000e+02 4.99935e-01 1.37571e-01
6.30000e+02 4.99935e-01 1.51136e-01
6.40000e+02 4.99936e-01 1.65875e-01
6.50000e+02 4.99936e-01 1.81841e-01
6.60000e+02 4.99936e-01 1.99075e-01
6.70000e+02 4.99937e-01 2.17601e-01
6.80000e+02 4.99937e-01 2.37423e-01
6.90000e+02 4.99937e-01 2.58517e-01
7.00000e+02 4.99938e-01 2.80826e-01
7.10000e+02 4.99938e-01 3.04254e-01
7.20000e+02 4.99938e-01 3.28668e-01
7.30000e+02 4.99939e-01 3.53886e-01
7.40000e+02 4.99939e-01 3.79688e-01
7.50000e+02 4.99939e-01 4.05813e-01
7.60000e+02 4.99940e-01 4.31969e-01
7.70000e+02 4.99940e-01 4.57844e-01
7.80000e+02 4.99940e-01 4.83119e-01
7.90000e+02 4.99940e-01 5.07485e-01
8.00000e+02 4.99941e-01 5.30661e-01
8.10000e+02 4.99941e-01 5.52406e-01
8.20000e+02 4.99941e-01 5.72532e-01
8.30000e+02 4.99942e-01 5.90912e-01
8.40000e+02 4.99942e-01 6.07482e-01
8.50000e+02 4.99942e-01 6.22240e-01
8.60000e+02 4.99943e-01 6.35234e-01
8.70000e+02 4.99943e-01 6.46557e-01
8.80000e+02 4.99943e-01 6.56330e-01
8.90000e+02 4.99943e-01 6.64695e-01
9.00000e+02 4.99944e-01 6.71803e-01
9.10000e+02 4.99944e-01 6.77804e-01
9.20000e+02 4.99944e-01 6.82844e-01
9.30000e+02 4.99944e-01 6.87056e-01
9.40000e+02 4.99945e-01 6.90563e-01
9.50000e+02 4.99945e-01 6.93473e-01
9.60000e+02 4.99945e-01 6.95882e-01
9.70000e+02 4.99946e-01 6.97871e-01
9.80000e+02 4.99946e-01 6.99510e-01
9.90000e+02 4.99946e-01 7.00859e-01
1.00000e+03 4.99946e-01 7.01968e-01
1.01000e+03 4.99947e-01 7.02879e-01
1.02000e+03 4.99947e-01 7.03626e-01
1.03000e+03 4.99947e-01 7.04238e-01
1.04000e+03 4.99947e-01 7.04740e-01
1.05000e+03 4.99948e-01 7.05151e-01
1.06000e+03 4.99948e-01 7.05488e-01
1.07000e+03 4.99948e-01 7.05763e-01
1.08000e+03 4.99948e-01 7.05989e-01
1.09000e+03 4.99949e-01 7.06173e-01
1.10000e+03 4.99949e-01 7.06324e-01
1.11000e+03 4.99949e-01 7.06448e-01
1.12000e+03 4.99950e-01 7.06549e-01
1.13000e+03 4.99950e-01 7.06632e-01
1.14000e+03 4.99950e-01 7.06699e-01
1.15000e+03 4.99950e-01 7.06755e-01
1.16000e+03 4.99951e-01 7.06800e-01
1.17000e+03 4.99951e-01 7.06838e-01
1.18000e+03 4.99951e-01 7.06868e-01
1.19000e+03 4.99951e-01 7.06893e-01
1.20000e+03 4.99951e-01 7.06914e-01
1.21000e+03 4.99952e-01 7.06931e-01
1.22000e+03 4.99952e-01 7.06945e-01
1.23000e+03 4.99952e-01 7.06956e-01
1.24000e+03 4.99952e-01 7.06965e-01
1.25000e+03 4.99953e-01 7.06973e-01
1.26000e+03 4.99953e-01 7.06980e-01
1.27000e+03 4.99953e-01 7.06985e-01
1.28000e+03 4.99953e-01 7.06990e-01
1.29000e+03 4.99954e-01 7.06993e-01
1.30000e+03 4.99954e-01 7.06997e-01
1.31000e+03 4.99954e-01 7.06999e-01
1.32000e+03 4.99954e-01 7.07001e-01
1.33000e+03 4.99955e-01 7.07003e-01
1.34000e+03 4.99955e-01 7.07005e-01
1.35000e+03 4.99955e-01 7.07007e-01
1.36000e+03 4.99955e-01 7.07008e-01
1.37000e+03 4.99955e-01 7.07009e-01
1.38000e+03 4.99956e-01 7.07010e-01
1.39000e+03 4.99956e-01 7.07011e-01
1.40000e+03 4.99956e-01 7.07012e-01
1.41000e+03 4.99956e-01 7.07013e-01
1.42000e+03 4.99957e-01 7.07013e-01
1.43000e+03 4.99957e-01 7.07014e-01
1.44000e+03 4.99957e-01 7.07015e-01
1.45000e+03 4.99957e-01 7.07015e-01
1.46000e+03 4.99957e-01 7.07016e-01
1.47000e+03 4.99958e-01 7.07016e-01
1.48000e+03 4.99958e-01 7.07017e-01
1.49000e+03 4.99958e-01 7.07017e-01
1.50000e+03 4.99958e-01 7.07018e-01
1.51000e+03 4.99958e-01 7.07018e-01
1.52000e+03 4.99959e-01 7.07019e-01
1.53000e+03 4.99959e-01 7.07019e-01
1.54000e+03 4.99959e-01 7.07020e-01
1.55000e+03 4.99959e-01 7.07020e-01
1.56000e+03 4.99959e-01 7.07021e-01
1.57000e+03 4.99960e-01 7.07021e-01
1.58000e+03 4.99960e-01 7.07022e-01
1.59000e+03 4.99960e-01 7.07022e-01
1.60000e+03 4.99960e-01 7.07022e-01
1.61000e+03 4.99960e-01 7.07023e-01
1.62000e+03 4.99961e-01 7.07023e-01
1.63000e+03 4.99961e-01 7.07024e-01
1.64000e+03 4.99961e-01 7.07024e-01
1.65000e+03 4.99961e-01 7.07025e-01
1.66000e+03 4.99961e-01 7.07025e-01
1.67000e+03 4.99962e-01 7.07026e-01
1.68000e+03 4.99962e-01 7.07026e-01
1.69000e+03 4.99962e-01 7.07026e-01
1.70000e+03 4.99962e-01 7.07027e-01
1.71000e+03 4.99962e-01 7.07027e-01
1.72000e+03 4.99963e-01 7.07028e-01
1.73000e+03 4.99963e-01 7.07028e-01
1.74000e+03 4.99963e-01 7.07028e-01
1.75000e+03 4.99963e-01 7.07029e-01
1.76000e+03 4.99963e-01 7.07029e-01
1.77000e+03 4.99964e-01 7.07030e-01
1.78000e+03 4.99964e-01 7.07030e-01
1.79000e+03 4.99964e-01 7.07030e-01
1.80000e+03 4.99964e-01 7.07031e-01
1.81000e+03 4.99964e-01 7.07031e-01
1.82000e+03 4.99964e-01 7.07032e-01
1.83000e+03 4.99965e-01 7.07032e-01
1.84000e+03 4.99965e-01 7.07032e-01
1.85000e+03 4.99965e-01 7.07033e-01
1.86000e+03 4.99965e-01 7.07033e-01
1.87000e+03 4.99965e-01 7.07034e-01
1.88000e+03 4.99965e-01 7.07034e-01
1.89000e+03 4.99966e-01 7.07034e-01
1.90000e+03 4.99966e-01 7.07035e-01
1.91000e+03 4.99966e-01 7.07035e-01
1.92000e+03 4.99966e-01 7.07035e-01
1.93000e+03 4.99966e-01 7.07036e-01
1.94000e+03 4.99966e-01 7.07036e-01
1.95000e+03 4.99967e-01 7.07037e-01
1.96000e+03 4.99967e-01 7.07037e-01
1.97000e+03 4.99967e-01 7.07037e-01
1.98000e+03 4.99967e-01 7.07038e-01
1.99000e+03 4.99967e-01 7.07038e-01
2.00000e+03 4.99967e-01 7.07038e-01
