1.00000e+01 -2.24000e-04 7.82558e-06
2.00000e+01 -2.24000e-04 6.19613e-06
3.00000e+01 -2.24000e-04 5.03940e-06
4.00000e+01 -2.24000e-04 4.12819e-06
5.00000e+01 -2.24000e-04 3.39181e-06
6.00000e+01 -2.24000e-04 2.79097e-06
7.00000e+01 -2.24000e-04 2.29827e-06
8.00000e+01 -2.24000e-04 1.89308e-06
9.00000e+01 -2.24000e-04 1.55933e-06
1.00000e+02 -2.24000e-04 1.28418e-06
1.10000e+02 -2.24000e-04 1.05727e-06
1.20000e+02 -2.24000e-04 8.70150e-07
1.30000e+02 -2.24000e-04 7.15875e-07
1.40000e+02 -2.24000e-04 5.88723e-07
1.50000e+02 -2.24000e-04 4.83970e-07
1.60000e+02 -2.24000e-04 3.97707e-07
1.70000e+02 -2.24000e-04 3.26705e-07
1.80000e+02 -2.24000e-04 2.68289e-07
1.90000e+02 -2.24000e-04 2.20250e-07
2.00000e+02 -2.24000e-04 1.80759e-07
2.10000e+02 -2.24000e-04 1.48310e-07
2.20000e+02 -2.24000e-04 1.21655e-07
2.30000e+02 -2.24000e-04 9.97675e-08
2.40000e+02 -2.24000e-04 8.18005e-08
2.50000e+02 -2.24000e-04 6.70559e-08
2.60000e+02 -2.24000e-04 5.49589e-08
2.70000e+02 -2.24000e-04 4.50366e-08
2.80000e+02 -2.24000e-04 3.68998e-08
2.90000e+02 -2.24000e-04 3.02287e-08
3.00000e+02 -2.24000e-04 2.47603e-08
3.10000e+02 -2.24000e-04 2.02786e-08
3.20000e+02 -2.24000e-04 1.66061e-08
3.30000e+02 -2.24000e-04 1.35972e-08
3.40000e+02 -2.24000e-04 1.11324e-08
3.50000e+02 -2.24000e-04 9.11345e-09
3.60000e+02 -2.24000e-04 7.46001e-09
3.70000e+02 -2.24000e-04 6.10602e-09
3.80000e+02 -2.24000e-04 4.99739e-09
3.90000e+02 -2.24000e-04 4.08973e-09
4.00000e+02 -2.24000e-04 3.34669e-09
4.10000e+02 -2.24000e-04 2.73847e-09
4.20000e+02 -2.24000e-04 2.24064e-09
4.30000e+02 -2.24000e-04 1.83320e-09
4.40000e+02 -2.24000e-04 1.49976e-09
4.50000e+02 -2.24000e-04 1.22691e-09
4.60000e+02 -2.24000e-04 1.00364e-09
4.70000e+02 -2.24000e-04 8.20966e-10
4.80000e+02 -2.24000e-04 6.71507e-10
4.90000e+02 -2.24000e-04 5.49233e-10
5.00000e+02 -2.24000e-04 4.49205e-10
5.10000e+02 -2.24000e-04 3.67379e-10
5.20000e+02 -2.24000e-04 3.00447e-10
5.30000e+02 -2.24000e-04 2.45700e-10
5.40000e+02 -2.24000e-04 2.00922e-10
5.50000e+02 -2.24000e-04 1.64298e-10
5.60000e+02 -2.24000e-04 1.34346e-10
5.70000e+02 -2.24000e-04 1.09851e-10
5.80000e+02 -2.24000e-04 8.98197e-11
5.90000e+02 -2.24000e-04 7.34388e-11
6.00000e+02 -2.24000e-04 6.00437e-11
6.10000e+02 -2.24000e-04 4.90905e-11
6.20000e+02 -2.24000e-04 4.01344e-11
6.30000e+02 -2.24000e-04 3.28114e-11
6.40000e+02 -2.24000e-04 2.68240e-11
6.50000e+02 -2.24000e-04 2.19286e-11
6.60000e+02 -2.24000e-04 1.79263e-11
6.70000e+02 -2.24000e-04 1.46541e-11
6.80000e+02 -2.24000e-04 1.19790e-11
6.90000e+02 -2.24000e-04 9.79203e-12
7.00000e+02 -2.24000e-04 8.00418e-12
7.10000e+02 -2.24000e-04 6.54264e-12
7.20000e+02 -2.24000e-04 5.34788e-12
7.30000e+02 -2.24000e-04 4.37123e-12
7.40000e+02 -2.24000e-04 3.57287e-12
7.50000e+02 -2.24000e-04 2.92028e-12
7.60000e+02 -2.24000e-04 2.38685e-12
7.70000e+02 -2.24000e-04 1.95083e-12
7.80000e+02 -2.24000e-04 1.59444e-12
7.90000e+02 -2.24000e-04 1.30314e-12
8.00000e+02 -2.24000e-04 1.06504e-12
8.10000e+02 -2.24000e-04 8.70440e-13
8.20000e+02 -2.24000e-04 7.11385e-13
8.30000e+02 -2.24000e-04 5.81387e-13
8.40000e+02 -2.24000e-04 4.75139e-13
8.50000e+02 -2.24000e-04 3.88304e-13
8.60000e+02 -2.24000e-04 3.17335e-13
8.70000e+02 -2.24000e-04 2.59334e-13
8.80000e+02 -2.24000e-04 2.11932e-13
8.90000e+02 -2.24000e-04 1.73193e-13
9.00000e+02 -2.24000e-04 1.41534e-13
9.10000e+02 -2.24000e-04 1.15660e-13
9.20000e+02 -2.24000e-04 9.45162e-14
9.30000e+02 -2.24000e-04 7.72368e-14
9.40000e+02 -2.24000e-04 6.31159e-14
9.50000e+02 -2.24000e-04 5.15762e-14
9.60000e+02 -2.24000e-04 4.21461e-14
9.70000e+02 -2.24000e-04 3.44398e-14
9.80000e+02 -2.24000e-04 2.81425e-14
9.90000e+02 -2.24000e-04 2.29964e-14
1.00000e+03 -2.24000e-04 1.87913e-14
1.01000e+03 -2.24000e-04 1.53550e-14
1.02000e+03 -2.24000e-04 1.25470e-14
1.03000e+03 -2.24000e-04 1.02524e-14
1.04000e+03 -2.24000e-04 8.37742e-15
1.05000e+03 -2.24000e-04 6.84530e-15
1.06000e+03 -2.24000e-04 5.59336e-15
1.07000e+03 -2.24000e-04 4.57036e-15
1.08000e+03 -2.24000e-04 3.73444e-15
1.09000e+03 -2.24000e-04 3.05140e-15
1.10000e+03 -2.24000e-04 2.49327e-15
1.11000e+03 -2.24000e-04 2.03722e-15
1.12000e+03 -2.24000e-04 1.66458e-15
1.13000e+03 -2.24000e-04 1.36010e-15
1.14000e+03 -2.24000e-04 1.11131e-15
1.15000e+03 -2.24000e-04 9.08022e-16
1.16000e+03 -2.24000e-04 7.41919e-16
1.17000e+03 -2.24000e-04 6.06198e-16
1.18000e+03 -2.24000e-04 4.95304e-16
1.19000e+03 -2.24000e-04 4.04694e-16
1.20000e+03 -2.24000e-04 3.30659e-16
1.21000e+03 -2.24000e-04 2.70167e-16
1.22000e+03 -2.24000e-04 2.20741e-16
1.23000e+03 -2.24000e-04 1.80357e-16
1.24000e+03 -2.24000e-04 1.47361e-16
1.25000e+03 -2.24000e-04 1.20401e-16
1.26000e+03 -2.24000e-04 9.83726e-17
1.27000e+03 -2.24000e-04 8.03746e-17
1.28000e+03 -2.24000e-04 6.56693e-17
1.29000e+03 -2.24000e-04 5.36543e-17
1.30000e+03 -2.24000e-04 4.38375e-17
1.31000e+03 -2.24000e-04 3.58167e-17
1.32000e+03 -2.24000e-04 2.92634e-17
1.33000e+03 -2.24000e-04 2.39091e-17
1.34000e+03 -2.24000e-04 1.95344e-17
1.35000e+03 -2.24000e-04 1.59602e-17
1.36000e+03 -2.24000e-04 1.30399e-17
1.37000e+03 -2.24000e-04 1.06539e-17
1.38000e+03 -2.24000e-04 8.70445e-18
1.39000e+03 -2.24000e-04 7.11172e-18
1.40000e+03 -2.24000e-04 5.81041e-18
1.41000e+03 -2.24000e-04 4.74721e-18
1.42000e+03 -2.24000e-04 3.87855e-18
1.43000e+03 -2.24000e-04 3.16883e-18
1.44000e+03 -2.24000e-04 2.58898e-18
1.45000e+03 -2.24000e-04 2.11523e-18
1.46000e+03 -2.24000e-04 1.72817e-18
1.47000e+03 -2.24000e-04 1.41193e-18
1.48000e+03 -2.24000e-04 1.15356e-18
1.49000e+03 -2.24000e-04 9.42469e-19
1.50000e+03 -2.24000e-04 7.70004e-19
1.51000e+03 -2.24000e-04 6.29098e-19
1.52000e+03 -2.24000e-04 5.13976e-19
1.53000e+03 -2.24000e-04 4.19921e-19
1.54000e+03 -2.24000e-04 3.43077e-19
1.55000e+03 -2.24000e-04 2.80295e-19
1.56000e+03 -2.24000e-04 2.29001e-19
1.57000e+03 -2.24000e-04 1.87094e-19
1.58000e+03 -2.24000e-04 1.52856e-19
1.59000e+03 -2.24000e-04 1.24883e-19
1.60000e+03 -2.24000e-04 1.02030e-19
1.61000e+03 -2.24000e-04 8.33579e-20
1.62000e+03 -2.24000e-04 6.81032e-20
1.63000e+03 -2.24000e-04 5.56401e-20
1.64000e+03 -2.24000e-04 4.54578e-20
1.65000e+03 -2.24000e-04 3.71388e-20
1.66000e+03 -2.24000e-04 3.03422e-20
1.67000e+03 -2.24000e-04 2.47894e-20
1.68000e+03 -2.24000e-04 2.02528e-20
1.69000e+03 -2.24000e-04 1.65464e-20
1.70000e+03 -2.24000e-04 1.35183e-20
1.71000e+03 -2.24000e-04 1.10443e-20
1.72000e+03 -2.24000e-04 9.02313e-21
1.73000e+03 -2.24000e-04 7.37182e-21
1.74000e+03 -2.24000e-04 6.02271e-21
1.75000e+03 -2.24000e-04 4.92050e-21
1.76000e+03 -2.24000e-04 4.02000e-21
1.77000e+03 -2.24000e-04 3.28430e-21
1.78000e+03 -2.24000e-04 2.68324e-21
1.79000e+03 -2.24000e-04 2.19218e-21
1.80000e+03 -2.24000e-04 1.79098e-21
1.81000e+03 -2.24000e-04 1.46321e-21
1.82000e+03 -2.24000e-04 1.19543e-21
1.83000e+03 -2.24000e-04 9.76650e-22
1.84000e+03 -2.24000e-04 7.97911e-22
1.85000e+03 -2.24000e-04 6.51883e-22
1.86000e+03 -2.24000e-04 5.32580e-22
1.87000e+03 -2.24000e-04 4.35111e-22
1.88000e+03 -2.24000e-04 3.55480e-22
1.89000e+03 -2.24000e-04 2.90422e-22
1.90000e+03 -2.24000e-04 2.37271e-22
1.91000e+03 -2.24000e-04 1.93847e-22
1.92000e+03 -2.24000e-04 1.58370e-22
1.93000e+03 -2.24000e-04 1.29386e-22
1.94000e+03 -2.24000e-04 1.05707e-22
1.95000e+03 -2.24000e-04 8.63608e-23
1.96000e+03 -2.24000e-04 7.05555e-23
1.97000e+03 -2.24000e-04 5.76428e-23
1.98000e+03 -2.24000e-04 4.70933e-23
1.99000e+03 -2.24000e-04 3.84745e-23
2.00000e+03 -2.24000e-04 3.14331e-23
2.01000e+03 -2.24000e-04 2.56803e-23
2.02000e+03 -2.24000e-04 2.09804e-23
2.03000e+03 -2.24000e-04 1.71407e-23
2.04000e+03 -2.24000e-04 1.40037e-23
2.05000e+03 -2.24000e-04 1.14408e-23
2.06000e+03 -2.24000e-04 9.34693e-24
2.07000e+03 -2.24000e-04 7.63629e-24
2.08000e+03 -2.24000e-04 6.23873e-24
2.09000e+03 -2.24000e-04 5.09694e-24
2.10000e+03 -2.24000e-04 4.16412e-24
2.11000e+03 -2.24000e-04 3.40202e-24
2.12000e+03 -2.24000e-04 2.77939e-24
2.13000e+03 -2.24000e-04 2.27072e-24
2.14000e+03 -2.24000e-04 1.85514e-24
2.15000e+03 -2.24000e-04 1.51562e-24
2.16000e+03 -2.24000e-04 1.23824e-24
2.17000e+03 -2.24000e-04 1.01162e-24
2.18000e+03 -2.24000e-04 8.26476e-25
2.19000e+03 -2.24000e-04 6.75217e-25
2.20000e+03 -2.24000e-04 5.51641e-25
2.21000e+03 -2.24000e-04 4.50682e-25
2.22000e+03 -2.24000e-04 3.68200e-25
2.23000e+03 -2.24000e-04 3.00813e-25
2.24000e+03 -2.24000e-04 2.45760e-25
2.25000e+03 -2.24000e-04 2.00782e-25
2.26000e+03 -2.24000e-04 1.64035e-25
2.27000e+03 -2.24000e-04 1.34014e-25
2.28000e+03 -2.24000e-04 1.09487e-25
2.29000e+03 -2.24000e-04 8.94494e-26
2.30000e+03 -2.24000e-04 7.30787e-26
2.31000e+03 -2.24000e-04 5.97042e-26
2.32000e+03 -2.24000e-04 4.87774e-26
2.33000e+03 -2.24000e-04 3.98503e-26
2.34000e+03 -2.24000e-04 3.25571e-26
2.35000e+03 -2.24000e-04 2.65986e-26
2.36000e+03 -2.24000e-04 2.17307e-26
2.37000e+03 -2.24000e-04 1.77536e-26
2.38000e+03 -2.24000e-04 1.45044e-26
2.39000e+03 -2.24000e-04 1.18499e-26
2.40000e+03 -2.24000e-04 9.68118e-27
2.41000e+03 -2.24000e-04 7.90937e-27
2.42000e+03 -2.24000e-04 6.46184e-27
2.43000e+03 -2.24000e-04 5.27922e-27
2.44000e+03 -2.24000e-04 4.31305e-27
2.45000e+03 -2.24000e-04 3.52369e-27
2.46000e+03 -2.24000e-04 2.87881e-27
2.47000e+03 -2.24000e-04 2.35194e-27
2.48000e+03 -2.24000e-04 1.92150e-27
2.49000e+03 -2.24000e-04 1.56984e-27
2.50000e+03 -2.24000e-04 1.28254e-27
