1.00000e+01 3.20000e-05 -6.27199e-05
2.00000e+01 3.20000e-05 -5.12465e-05
3.00000e+01 3.20000e-05 -4.18721e-05
4.00000e+01 3.20000e-05 -3.42125e-05
5.00000e+01 3.20000e-05 -2.79541e-05
6.00000e+01 3.20000e-05 -2.28406e-05
7.00000e+01 3.20000e-05 -1.86624e-05
8.00000e+01 3.20000e-05 -1.52485e-05
9.00000e+01 3.20000e-05 -1.24592e-05
1.00000e+02 3.20000e-05 -1.01800e-05
1.10000e+02 3.20000e-05 -8.31784e-06
1.20000e+02 3.20000e-05 -6.79628e-06
1.30000e+02 3.20000e-05 -5.55305e-06
1.40000e+02 3.20000e-05 -4.53725e-06
1.50000e+02 3.20000e-05 -3.70726e-06
1.60000e+02 3.20000e-05 -3.02910e-06
1.70000e+02 3.20000e-05 -2.47500e-06
1.80000e+02 3.20000e-05 -2.02225e-06
1.90000e+02 3.20000e-05 -1.65233e-06
2.00000e+02 3.20000e-05 -1.35007e-06
2.10000e+02 3.20000e-05 -1.10311e-06
2.20000e+02 3.20000e-05 -9.01319e-07
2.30000e+02 3.20000e-05 -7.36444e-07
2.40000e+02 3.20000e-05 -6.01728e-07
2.50000e+02 3.20000e-05 -4.91656e-07
2.60000e+02 3.20000e-05 -4.01718e-07
2.70000e+02 3.20000e-05 -3.28233e-07
2.80000e+02 3.20000e-05 -2.68190e-07
2.90000e+02 3.20000e-05 -2.19131e-07
3.00000e+02 3.20000e-05 -1.79046e-07
3.10000e+02 3.20000e-05 -1.46294e-07
3.20000e+02 3.20000e-05 -1.19533e-07
3.30000e+02 3.20000e-05 -9.76668e-08
3.40000e+02 3.20000e-05 -7.98009e-08
3.50000e+02 3.20000e-05 -6.52032e-08
3.60000e+02 3.20000e-05 -5.32757e-08
3.70000e+02 3.20000e-05 -4.35301e-08
3.80000e+02 3.20000e-05 -3.55673e-08
3.90000e+02 3.20000e-05 -2.90611e-08
4.00000e+02 3.20000e-05 -2.37450e-08
4.10000e+02 3.20000e-05 -1.94014e-08
4.20000e+02 3.20000e-05 -1.58524e-08
4.30000e+02 3.20000e-05 -1.29525e-08
4.40000e+02 3.20000e-05 -1.05832e-08
4.50000e+02 3.20000e-05 -8.64721e-09
4.60000e+02 3.20000e-05 -7.06540e-09
4.70000e+02 3.20000e-05 -5.77295e-09
4.80000e+02 3.20000e-05 -4.71692e-09
4.90000e+02 3.20000e-05 -3.85407e-09
5.00000e+02 3.20000e-05 -3.14905e-09
5.10000e+02 3.20000e-05 -2.57301e-09
5.20000e+02 3.20000e-05 -2.10233e-09
5.30000e+02 3.20000e-05 -1.71776e-09
5.40000e+02 3.20000e-05 -1.40353e-09
5.50000e+02 3.20000e-05 -1.14679e-09
5.60000e+02 3.20000e-05 -9.37011e-10
5.70000e+02 3.20000e-05 -7.65606e-10
5.80000e+02 3.20000e-05 -6.25556e-10
5.90000e+02 3.20000e-05 -5.11125e-10
6.00000e+02 3.20000e-05 -4.17626e-10
6.10000e+02 3.20000e-05 -3.41231e-10
6.20000e+02 3.20000e-05 -2.78810e-10
6.30000e+02 3.20000e-05 -2.27808e-10
6.40000e+02 3.20000e-05 -1.86136e-10
6.50000e+02 3.20000e-05 -1.52087e-10
6.60000e+02 3.20000e-05 -1.24266e-10
6.70000e+02 3.20000e-05 -1.01534e-10
6.80000e+02 3.20000e-05 -8.29609e-11
6.90000e+02 3.20000e-05 -6.77851e-11
7.00000e+02 3.20000e-05 -5.53854e-11
7.10000e+02 3.20000e-05 -4.52539e-11
7.20000e+02 3.20000e-05 -3.69757e-11
7.30000e+02 3.20000e-05 -3.02119e-11
7.40000e+02 3.20000e-05 -2.46853e-11
7.50000e+02 3.20000e-05 -2.01697e-11
7.60000e+02 3.20000e-05 -1.64801e-11
7.70000e+02 3.20000e-05 -1.34654e-11
7.80000e+02 3.20000e-05 -1.10022e-11
7.90000e+02 3.20000e-05 -8.98963e-12
8.00000e+02 3.20000e-05 -7.34518e-12
8.10000e+02 3.20000e-05 -6.00155e-12
8.20000e+02 3.20000e-05 -4.90370e-12
8.30000e+02 3.20000e-05 -4.00668e-12
8.40000e+02 3.20000e-05 -3.27375e-12
8.50000e+02 3.20000e-05 -2.67489e-12
8.60000e+02 3.20000e-05 -2.18558e-12
8.70000e+02 3.20000e-05 -1.78578e-12
8.80000e+02 3.20000e-05 -1.45911e-12
8.90000e+02 3.20000e-05 -1.19220e-12
9.00000e+02 3.20000e-05 -9.74115e-13
9.10000e+02 3.20000e-05 -7.95923e-13
9.20000e+02 3.20000e-05 -6.50327e-13
9.30000e+02 3.20000e-05 -5.31364e-13
9.40000e+02 3.20000e-05 -4.34163e-13
9.50000e+02 3.20000e-05 -3.54743e-13
9.60000e+02 3.20000e-05 -2.89851e-13
9.70000e+02 3.20000e-05 -2.36829e-13
9.80000e+02 3.20000e-05 -1.93507e-13
9.90000e+02 3.20000e-05 -1.58109e-13
1.00000e+03 3.20000e-05 -1.29187e-13
1.01000e+03 3.20000e-05 -1.05555e-13
1.02000e+03 3.20000e-05 -8.62461e-14
1.03000e+03 3.20000e-05 -7.04693e-14
1.04000e+03 3.20000e-05 -5.75786e-14
1.05000e+03 3.20000e-05 -4.70459e-14
1.06000e+03 3.20000e-05 -3.84399e-14
1.07000e+03 3.20000e-05 -3.14082e-14
1.08000e+03 3.20000e-05 -2.56628e-14
1.09000e+03 3.20000e-05 -2.09684e-14
1.10000e+03 3.20000e-05 -1.71327e-14
1.11000e+03 3.20000e-05 -1.39986e-14
1.12000e+03 3.20000e-05 -1.14379e-14
1.13000e+03 3.20000e-05 -9.34561e-15
1.14000e+03 3.20000e-05 -7.63604e-15
1.15000e+03 3.20000e-05 -6.23920e-15
1.16000e+03 3.20000e-05 -5.09788e-15
1.17000e+03 3.20000e-05 -4.16534e-15
1.18000e+03 3.20000e-05 -3.40339e-15
1.19000e+03 3.20000e-05 -2.78082e-15
1.20000e+03 3.20000e-05 -2.27213e-15
1.21000e+03 3.20000e-05 -1.85649e-15
1.22000e+03 3.20000e-05 -1.51689e-15
1.23000e+03 3.20000e-05 -1.23941e-15
1.24000e+03 3.20000e-05 -1.01269e-15
1.25000e+03 3.20000e-05 -8.27440e-16
1.26000e+03 3.20000e-05 -6.76079e-16
1.27000e+03 3.20000e-05 -5.52406e-16
1.28000e+03 3.20000e-05 -4.51356e-16
1.29000e+03 3.20000e-05 -3.68791e-16
1.30000e+03 3.20000e-05 -3.01329e-16
1.31000e+03 3.20000e-05 -2.46207e-16
1.32000e+03 3.20000e-05 -2.01169e-16
1.33000e+03 3.20000e-05 -1.64370e-16
1.34000e+03 3.20000e-05 -1.34302e-16
1.35000e+03 3.20000e-05 -1.09735e-16
1.36000e+03 3.20000e-05 -8.96613e-17
1.37000e+03 3.20000e-05 -7.32598e-17
1.38000e+03 3.20000e-05 -5.98586e-17
1.39000e+03 3.20000e-05 -4.89088e-17
1.40000e+03 3.20000e-05 -3.99621e-17
1.41000e+03 3.20000e-05 -3.26519e-17
1.42000e+03 3.20000e-05 -2.66790e-17
1.43000e+03 3.20000e-05 -2.17987e-17
1.44000e+03 3.20000e-05 -1.78111e-17
1.45000e+03 3.20000e-05 -1.45530e-17
1.46000e+03 3.20000e-05 -1.18908e-17
1.47000e+03 3.20000e-05 -9.71568e-18
1.48000e+03 3.20000e-05 -7.93842e-18
1.49000e+03 3.20000e-05 -6.48627e-18
1.50000e+03 3.20000e-05 -5.29975e-18
1.51000e+03 3.20000e-05 -4.33028e-18
1.52000e+03 3.20000e-05 -3.53816e-18
1.53000e+03 3.20000e-05 -2.89093e-18
1.54000e+03 3.20000e-05 -2.36210e-18
1.55000e+03 3.20000e-05 -1.93001e-18
1.56000e+03 3.20000e-05 -1.57696e-18
1.57000e+03 3.20000e-05 -1.28849e-18
1.58000e+03 3.20000e-05 -1.05279e-18
1.59000e+03 3.20000e-05 -8.60206e-19
1.60000e+03 3.20000e-05 -7.02851e-19
1.61000e+03 3.20000e-05 -5.74280e-19
1.62000e+03 3.20000e-05 -4.69229e-19
1.63000e+03 3.20000e-05 -3.83394e-19
1.64000e+03 3.20000e-05 -3.13261e-19
1.65000e+03 3.20000e-05 -2.55957e-19
1.66000e+03 3.20000e-05 -2.09135e-19
1.67000e+03 3.20000e-05 -1.70879e-19
1.68000e+03 3.20000e-05 -1.39621e-19
1.69000e+03 3.20000e-05 -1.14080e-19
1.70000e+03 3.20000e-05 -9.32118e-20
1.71000e+03 3.20000e-05 -7.61608e-20
1.72000e+03 3.20000e-05 -6.22289e-20
1.73000e+03 3.20000e-05 -5.08456e-20
1.74000e+03 3.20000e-05 -4.15445e-20
1.75000e+03 3.20000e-05 -3.39449e-20
1.76000e+03 3.20000e-05 -2.77355e-20
1.77000e+03 3.20000e-05 -2.26619e-20
1.78000e+03 3.20000e-05 -1.85164e-20
1.79000e+03 3.20000e-05 -1.51293e-20
1.80000e+03 3.20000e-05 -1.23617e-20
1.81000e+03 3.20000e-05 -1.01004e-20
1.82000e+03 3.20000e-05 -8.25277e-21
1.83000e+03 3.20000e-05 -6.74312e-21
1.84000e+03 3.20000e-05 -5.50962e-21
1.85000e+03 3.20000e-05 -4.50176e-21
1.86000e+03 3.20000e-05 -3.67826e-21
1.87000e+03 3.20000e-05 -3.00541e-21
1.88000e+03 3.20000e-05 -2.45564e-21
1.89000e+03 3.20000e-05 -2.00644e-21
1.90000e+03 3.20000e-05 -1.63940e-21
1.91000e+03 3.20000e-05 -1.33951e-21
1.92000e+03 3.20000e-05 -1.09448e-21
1.93000e+03 3.20000e-05 -8.94269e-22
1.94000e+03 3.20000e-05 -7.30683e-22
1.95000e+03 3.20000e-05 -5.97021e-22
1.96000e+03 3.20000e-05 -4.87810e-22
1.97000e+03 3.20000e-05 -3.98576e-22
1.98000e+03 3.20000e-05 -3.25666e-22
1.99000e+03 3.20000e-05 -2.66093e-22
2.00000e+03 3.20000e-05 -2.17417e-22
2.01000e+03 3.20000e-05 -1.77646e-22
2.02000e+03 3.20000e-05 -1.45149e-22
2.03000e+03 3.20000e-05 -1.18598e-22
2.04000e+03 3.20000e-05 -9.69028e-23
2.05000e+03 3.20000e-05 -7.91767e-23
2.06000e+03 3.20000e-05 -6.46931e-23
2.07000e+03 3.20000e-05 -5.28590e-23
2.08000e+03 3.20000e-05 -4.31896e-23
2.09000e+03 3.20000e-05 -3.52891e-23
2.10000e+03 3.20000e-05 -2.88337e-23
2.11000e+03 3.20000e-05 -2.35593e-23
2.12000e+03 3.20000e-05 -1.92496e-23
2.13000e+03 3.20000e-05 -1.57284e-23
2.14000e+03 3.20000e-05 -1.28512e-23
2.15000e+03 3.20000e-05 -1.05004e-23
2.16000e+03 3.20000e-05 -8.57957e-24
2.17000e+03 3.20000e-05 -7.01013e-24
2.18000e+03 3.20000e-05 -5.72779e-24
2.19000e+03 3.20000e-05 -4.68002e-24
2.20000e+03 3.20000e-05 -3.82392e-24
2.21000e+03 3.20000e-05 -3.12442e-24
2.22000e+03 3.20000e-05 -2.55288e-24
2.23000e+03 3.20000e-05 -2.08589e-24
2.24000e+03 3.20000e-05 -1.70432e-24
2.25000e+03 3.20000e-05 -1.39256e-24
2.26000e+03 3.20000e-05 -1.13782e-24
2.27000e+03 3.20000e-05 -9.29681e-25
2.28000e+03 3.20000e-05 -7.59617e-25
2.29000e+03 3.20000e-05 -6.20662e-25
2.30000e+03 3.20000e-05 -5.07126e-25
2.31000e+03 3.20000e-05 -4.14359e-25
2.32000e+03 3.20000e-05 -3.38562e-25
2.33000e+03 3.20000e-05 -2.76629e-25
2.34000e+03 3.20000e-05 -2.26026e-25
2.35000e+03 3.20000e-05 -1.84680e-25
2.36000e+03 3.20000e-05 -1.50897e-25
2.37000e+03 3.20000e-05 -1.23294e-25
2.38000e+03 3.20000e-05 -1.00740e-25
2.39000e+03 3.20000e-05 -8.23120e-26
2.40000e+03 3.20000e-05 -6.72549e-26
2.41000e+03 3.20000e-05 -5.49521e-26
2.42000e+03 3.20000e-05 -4.48999e-26
2.43000e+03 3.20000e-05 -3.66865e-26
2.44000e+03 3.20000e-05 -2.99755e-26
2.45000e+03 3.20000e-05 -2.44922e-26
2.46000e+03 3.20000e-05 -2.00119e-26
2.47000e+03 3.20000e-05 -1.63512e-26
2.48000e+03 3.20000e-05 -1.33601e-26
2.49000e+03 3.20000e-05 -1.09162e-26
2.50000e+03 3.20000e-05 -8.91931e-27
