1.00000e+01 5.00080e-01 1.56800e-05
2.00000e+01 5.00080e-01 1.28114e-05
3.00000e+01 5.00080e-01 1.04678e-05
4.00000e+01 5.00080e-01 8.55298e-06
5.00000e+01 5.00080e-01 6.98840e-06
6.00000e+01 5.00080e-01 5.71003e-06
7.00000e+01 5.00080e-01 4.66551e-06
8.00000e+01 5.00080e-01 3.81206e-06
9.00000e+01 5.00080e-01 3.11473e-06
1.00000e+02 5.00080e-01 2.54496e-06
1.10000e+02 5.00080e-01 2.07942e-06
1.20000e+02 5.00080e-01 1.69904e-06
1.30000e+02 5.00080e-01 1.38824e-06
1.40000e+02 5.00080e-01 1.13429e-06
1.50000e+02 5.00080e-01 9.26799e-07
1.60000e+02 5.00080e-01 7.57262e-07
1.70000e+02 5.00080e-01 6.18738e-07
1.80000e+02 5.00080e-01 5.05554e-07
1.90000e+02 5.00080e-01 4.13075e-07
2.00000e+02 5.00080e-01 3.37512e-07
2.10000e+02 5.00080e-01 2.75772e-07
2.20000e+02 5.00080e-01 2.25326e-07
2.30000e+02 5.00080e-01 1.84107e-07
2.40000e+02 5.00080e-01 1.50429e-07
2.50000e+02 5.00080e-01 1.22912e-07
2.60000e+02 5.00080e-01 1.00428e-07
2.70000e+02 5.00080e-01 8.20568e-08
2.80000e+02 5.00080e-01 6.70464e-08
2.90000e+02 5.00080e-01 5.47818e-08
3.00000e+02 5.00080e-01 4.47607e-08
3.10000e+02 5.00080e-01 3.65727e-08
3.20000e+02 5.00080e-01 2.98826e-08
3.30000e+02 5.00080e-01 2.44163e-08
3.40000e+02 5.00080e-01 1.99499e-08
3.50000e+02 5.00080e-01 1.63005e-08
3.60000e+02 5.00080e-01 1.33187e-08
3.70000e+02 5.00080e-01 1.08823e-08
3.80000e+02 5.00080e-01 8.89166e-09
3.90000e+02 5.00080e-01 7.26513e-09
4.00000e+02 5.00080e-01 5.93614e-09
4.10000e+02 5.00080e-01 4.85026e-09
4.20000e+02 5.00080e-01 3.96302e-09
4.30000e+02 5.00080e-01 3.23807e-09
4.40000e+02 5.00080e-01 2.64574e-09
4.50000e+02 5.00080e-01 2.16176e-09
4.60000e+02 5.00080e-01 1.76632e-09
4.70000e+02 5.00080e-01 1.44321e-09
4.80000e+02 5.00080e-01 1.17921e-09
4.90000e+02 5.00080e-01 9.63499e-10
5.00000e+02 5.00080e-01 7.87249e-10
5.10000e+02 5.00080e-01 6.43239e-10
5.20000e+02 5.00080e-01 5.25573e-10
5.30000e+02 5.00080e-01 4.29432e-10
5.40000e+02 5.00080e-01 3.50877e-10
5.50000e+02 5.00080e-01 2.86692e-10
5.60000e+02 5.00080e-01 2.34248e-10
5.70000e+02 5.00080e-01 1.91398e-10
5.80000e+02 5.00080e-01 1.56386e-10
5.90000e+02 5.00080e-01 1.27779e-10
6.00000e+02 5.00080e-01 1.04405e-10
6.10000e+02 5.00080e-01 8.53061e-11
6.20000e+02 5.00080e-01 6.97013e-11
6.30000e+02 5.00080e-01 5.69510e-11
6.40000e+02 5.00080e-01 4.65332e-11
6.50000e+02 5.00080e-01 3.80210e-11
6.60000e+02 5.00080e-01 3.10659e-11
6.70000e+02 5.00080e-01 2.53831e-11
6.80000e+02 5.00080e-01 2.07398e-11
6.90000e+02 5.00080e-01 1.69460e-11
7.00000e+02 5.00080e-01 1.38461e-11
7.10000e+02 5.00080e-01 1.13133e-11
7.20000e+02 5.00080e-01 9.24376e-12
7.30000e+02 5.00080e-01 7.55282e-12
7.40000e+02 5.00080e-01 6.17121e-12
7.50000e+02 5.00080e-01 5.04232e-12
7.60000e+02 5.00080e-01 4.11995e-12
7.70000e+02 5.00080e-01 3.36630e-12
7.80000e+02 5.00080e-01 2.75051e-12
7.90000e+02 5.00080e-01 2.24737e-12
8.00000e+02 5.00080e-01 1.83626e-12
8.10000e+02 5.00080e-01 1.50036e-12
8.20000e+02 5.00080e-01 1.22590e-12
8.30000e+02 5.00080e-01 1.00165e-12
8.40000e+02 5.00080e-01 8.18423e-13
8.50000e+02 5.00080e-01 6.68711e-13
8.60000e+02 5.00080e-01 5.46385e-13
8.70000e+02 5.00080e-01 4.46437e-13
8.80000e+02 5.00080e-01 3.64771e-13
8.90000e+02 5.00080e-01 2.98045e-13
9.00000e+02 5.00080e-01 2.43524e-13
9.10000e+02 5.00080e-01 1.98977e-13
9.20000e+02 5.00080e-01 1.62579e-13
9.30000e+02 5.00080e-01 1.32839e-13
9.40000e+02 5.00080e-01 1.08539e-13
9.50000e+02 5.00080e-01 8.86841e-14
9.60000e+02 5.00080e-01 7.24614e-14
9.70000e+02 5.00080e-01 5.92062e-14
9.80000e+02 5.00080e-01 4.83758e-14
9.90000e+02 5.00080e-01 3.95266e-14
1.00000e+03 5.00080e-01 3.22961e-14
1.01000e+03 5.00080e-01 2.63882e-14
1.02000e+03 5.00080e-01 2.15611e-14
1.03000e+03 5.00080e-01 1.76170e-14
1.04000e+03 5.00080e-01 1.43944e-14
1.05000e+03 5.00080e-01 1.17613e-14
1.06000e+03 5.00080e-01 9.60980e-15
1.07000e+03 5.00080e-01 7.85190e-15
1.08000e+03 5.00080e-01 6.41558e-15
1.09000e+03 5.00080e-01 5.24199e-15
1.10000e+03 5.00080e-01 4.28309e-15
1.11000e+03 5.00080e-01 3.49960e-15
1.12000e+03 5.00080e-01 2.85943e-15
1.13000e+03 5.00080e-01 2.33636e-15
1.14000e+03 5.00080e-01 1.90898e-15
1.15000e+03 5.00080e-01 1.55977e-15
1.16000e+03 5.00080e-01 1.27445e-15
1.17000e+03 5.00080e-01 1.04132e-15
1.18000e+03 5.00080e-01 8.50831e-16
1.19000e+03 5.00080e-01 6.95191e-16
1.20000e+03 5.00080e-01 5.68022e-16
1.21000e+03 5.00080e-01 4.64115e-16
1.22000e+03 5.00080e-01 3.79216e-16
1.23000e+03 5.00080e-01 3.09847e-16
1.24000e+03 5.00080e-01 2.53167e-16
1.25000e+03 5.00080e-01 2.06856e-16
1.26000e+03 5.00080e-01 1.69017e-16
1.27000e+03 5.00080e-01 1.38099e-16
1.28000e+03 5.00080e-01 1.12837e-16
1.29000e+03 5.00080e-01 9.21959e-17
1.30000e+03 5.00080e-01 7.53308e-17
1.31000e+03 5.00080e-01 6.15507e-17
1.32000e+03 5.00080e-01 5.02914e-17
1.33000e+03 5.00080e-01 4.10918e-17
1.34000e+03 5.00080e-01 3.35750e-17
1.35000e+03 5.00080e-01 2.74332e-17
1.36000e+03 5.00080e-01 2.24149e-17
1.37000e+03 5.00080e-01 1.83146e-17
1.38000e+03 5.00080e-01 1.49644e-17
1.39000e+03 5.00080e-01 1.22270e-17
1.40000e+03 5.00080e-01 9.99033e-18
1.41000e+03 5.00080e-01 8.16283e-18
1.42000e+03 5.00080e-01 6.66963e-18
1.43000e+03 5.00080e-01 5.44957e-18
1.44000e+03 5.00080e-01 4.45270e-18
1.45000e+03 5.00080e-01 3.63818e-18
1.46000e+03 5.00080e-01 2.97266e-18
1.47000e+03 5.00080e-01 2.42888e-18
1.48000e+03 5.00080e-01 1.98457e-18
1.49000e+03 5.00080e-01 1.62154e-18
1.50000e+03 5.00080e-01 1.32491e-18
1.51000e+03 5.00080e-01 1.08255e-18
1.52000e+03 5.00080e-01 8.84523e-19
1.53000e+03 5.00080e-01 7.22720e-19
1.54000e+03 5.00080e-01 5.90515e-19
1.55000e+03 5.00080e-01 4.82493e-19
1.56000e+03 5.00080e-01 3.94232e-19
1.57000e+03 5.00080e-01 3.22116e-19
1.58000e+03 5.00080e-01 2.63193e-19
1.59000e+03 5.00080e-01 2.15047e-19
1.60000e+03 5.00080e-01 1.75709e-19
1.61000e+03 5.00080e-01 1.43567e-19
1.62000e+03 5.00080e-01 1.17305e-19
1.63000e+03 5.00080e-01 9.58467e-20
1.64000e+03 5.00080e-01 7.83138e-20
1.65000e+03 5.00080e-01 6.39881e-20
1.66000e+03 5.00080e-01 5.22829e-20
1.67000e+03 5.00080e-01 4.27189e-20
1.68000e+03 5.00080e-01 3.49045e-20
1.69000e+03 5.00080e-01 2.85195e-20
1.70000e+03 5.00080e-01 2.33025e-20
1.71000e+03 5.00080e-01 1.90398e-20
1.72000e+03 5.00080e-01 1.55569e-20
1.73000e+03 5.00080e-01 1.27112e-20
1.74000e+03 5.00080e-01 1.03859e-20
1.75000e+03 5.00080e-01 8.48607e-21
1.76000e+03 5.00080e-01 6.93373e-21
1.77000e+03 5.00080e-01 5.66537e-21
1.78000e+03 5.00080e-01 4.62902e-21
1.79000e+03 5.00080e-01 3.78224e-21
1.80000e+03 5.00080e-01 3.09037e-21
1.81000e+03 5.00080e-01 2.52506e-21
1.82000e+03 5.00080e-01 2.06315e-21
1.83000e+03 5.00080e-01 1.68575e-21
1.84000e+03 5.00080e-01 1.37738e-21
1.85000e+03 5.00080e-01 1.12542e-21
1.86000e+03 5.00080e-01 9.19549e-22
1.87000e+03 5.00080e-01 7.51338e-22
1.88000e+03 5.00080e-01 6.13898e-22
1.89000e+03 5.00080e-01 5.01599e-22
1.90000e+03 5.00080e-01 4.09843e-22
1.91000e+03 5.00080e-01 3.34872e-22
1.92000e+03 5.00080e-01 2.73615e-22
1.93000e+03 5.00080e-01 2.23563e-22
1.94000e+03 5.00080e-01 1.82667e-22
1.95000e+03 5.00080e-01 1.49252e-22
1.96000e+03 5.00080e-01 1.21950e-22
1.97000e+03 5.00080e-01 9.96422e-23
1.98000e+03 5.00080e-01 8.14149e-23
1.99000e+03 5.00080e-01 6.65219e-23
2.00000e+03 5.00080e-01 5.43532e-23
2.01000e+03 5.00080e-01 4.44106e-23
2.02000e+03 5.00080e-01 3.62867e-23
2.03000e+03 5.00080e-01 2.96488e-23
2.04000e+03 5.00080e-01 2.42253e-23
2.05000e+03 5.00080e-01 1.97938e-23
2.06000e+03 5.00080e-01 1.61730e-23
2.07000e+03 5.00080e-01 1.32145e-23
2.08000e+03 5.00080e-01 1.07972e-23
2.09000e+03 5.00080e-01 8.82210e-24
2.10000e+03 5.00080e-01 7.20830e-24
2.11000e+03 5.00080e-01 5.88971e-24
2.12000e+03 5.00080e-01 4.81232e-24
2.13000e+03 5.00080e-01 3.93202e-24
2.14000e+03 5.00080e-01 3.21274e-24
2.15000e+03 5.00080e-01 2.62504e-24
2.16000e+03 5.00080e-01 2.14485e-24
2.17000e+03 5.00080e-01 1.75250e-24
2.18000e+03 5.00080e-01 1.43192e-24
2.19000e+03 5.00080e-01 1.16998e-24
2.20000e+03 5.00080e-01 9.55962e-25
2.21000e+03 5.00080e-01 7.81090e-25
2.22000e+03 5.00080e-01 6.38208e-25
2.23000e+03 5.00080e-01 5.21462e-25
2.24000e+03 5.00080e-01 4.26073e-25
2.25000e+03 5.00080e-01 3.48132e-25
2.26000e+03 5.00080e-01 2.84449e-25
2.27000e+03 5.00080e-01 2.32416e-25
2.28000e+03 5.00080e-01 1.89901e-25
2.29000e+03 5.00080e-01 1.55163e-25
2.30000e+03 5.00080e-01 1.26779e-25
2.31000e+03 5.00080e-01 1.03588e-25
2.32000e+03 5.00080e-01 8.46388e-26
2.33000e+03 5.00080e-01 6.91561e-26
2.34000e+03 5.00080e-01 5.65056e-26
2.35000e+03 5.00080e-01 4.61692e-26
2.36000e+03 5.00080e-01 3.77236e-26
2.37000e+03 5.00080e-01 3.08229e-26
2.38000e+03 5.00080e-01 2.51845e-26
2.39000e+03 5.00080e-01 2.05776e-26
2.40000e+03 5.00080e-01 1.68134e-26
2.41000e+03 5.00080e-01 1.37378e-26
2.42000e+03 5.00080e-01 1.12248e-26
2.43000e+03 5.00080e-01 9.17145e-27
2.44000e+03 5.00080e-01 7.49374e-27
2.45000e+03 5.00080e-01 6.12293e-27
2.46000e+03 5.00080e-01 5.00288e-27
2.47000e+03 5.00080e-01 4.08772e-27
2.48000e+03 5.00080e-01 3.33996e-27
2.49000e+03 5.00080e-01 2.72899e-27
2.50000e+03 5.00080e-01 2.22979e-27
