1.00000e+01 4.99840e-01 1.13072e-04
2.00000e+01 4.99840e-01 1.25452e-04
3.00000e+01 4.99840e-01 1.38932e-04
4.00000e+01 4.99840e-01 1.53699e-04
5.00000e+01 4.99840e-01 1.69954e-04
6.00000e+01 4.99840e-01 1.87879e-04
7.00000e+01 4.99840e-01 2.07663e-04
8.00000e+01 4.99840e-01 2.29509e-04
9.00000e+01 4.99840e-01 2.53638e-04
1.00000e+02 4.99840e-01 2.80291e-04
1.10000e+02 4.99840e-01 3.09734e-04
1.20000e+02 4.99840e-01 3.42262e-04
1.30000e+02 4.99840e-01 3.78198e-04
1.40000e+02 4.99840e-01 4.17898e-04
1.50000e+02 4.99840e-01 4.61759e-04
1.60000e+02 4.99840e-01 5.10216e-04
1.70000e+02 4.99840e-01 5.63749e-04
1.80000e+02 4.99840e-01 6.22891e-04
1.90000e+02 4.99840e-01 6.88229e-04
2.00000e+02 4.99840e-01 7.60411e-04
2.10000e+02 4.99840e-01 8.40153e-04
2.20000e+02 4.99840e-01 9.28247e-04
2.30000e+02 4.99840e-01 1.02557e-03
2.40000e+02 4.99840e-01 1.13308e-03
2.50000e+02 4.99840e-01 1.25184e-03
2.60000e+02 4.99840e-01 1.38305e-03
2.70000e+02 4.99840e-01 1.52798e-03
2.80000e+02 4.99840e-01 1.68809e-03
2.90000e+02 4.99840e-01 1.86496e-03
3.00000e+02 4.99840e-01 2.06033e-03
3.10000e+02 4.99840e-01 2.27616e-03
3.20000e+02 4.99840e-01 2.51456e-03
3.30000e+02 4.99840e-01 2.77791e-03
3.40000e+02 4.99840e-01 3.06881e-03
3.50000e+02 4.99840e-01 3.39015e-03
3.60000e+02 4.99840e-01 3.74509e-03
3.70000e+02 4.99840e-01 4.13715e-03
3.80000e+02 4.99840e-01 4.57021e-03
3.90000e+02 4.99840e-01 5.04854e-03
4.00000e+02 4.99840e-01 5.57689e-03
4.10000e+02 4.99840e-01 6.16045e-03
4.20000e+02 4.99840e-01 6.80499e-03
4.30000e+02 4.99840e-01 7.51687e-03
4.40000e+02 4.99840e-01 8.30311e-03
4.50000e+02 4.99840e-01 9.17144e-03
4.60000e+02 4.99840e-01 1.01304e-02
4.70000e+02 4.99840e-01 1.11895e-02
4.80000e+02 4.99840e-01 1.23590e-02
4.90000e+02 4.99840e-01 1.36504e-02
5.00000e+02 4.99840e-01 1.50763e-02
5.10000e+02 4.99840e-01 1.66508e-02
5.20000e+02 4.99840e-01 1.83890e-02
5.30000e+02 4.99840e-01 2.03079e-02
5.40000e+02 4.99840e-01 2.24260e-02
5.50000e+02 4.99840e-01 2.47638e-02
5.60000e+02 4.99840e-01 2.73437e-02
5.70000e+02 4.99840e-01 3.01902e-02
5.80000e+02 4.99840e-01 3.33303e-02
5.90000e+02 4.99840e-01 3.67936e-02
6.00000e+02 4.99840e-01 4.06122e-02
6.10000e+02 4.99840e-01 4.48214e-02
6.20000e+02 4.99840e-01 4.94593e-02
6.30000e+02 4.99840e-01 5.45674e-02
6.40000e+02 4.99840e-01 6.01904e-02
6.50000e+02 4.99840e-01 6.63767e-02
6.60000e+02 4.99840e-01 7.31776e-02
6.70000e+02 4.99840e-01 8.06481e-02
6.80000e+02 4.99840e-01 8.88459e-02
6.90000e+02 4.99840e-01 9.78315e-02
7.00000e+02 4.99840e-01 1.07667e-01
7.10000e+02 4.99840e-01 1.18416e-01
7.20000e+02 4.99840e-01 1.30141e-01
7.30000e+02 4.99840e-01 1.42904e-01
7.40000e+02 4.99840e-01 1.56761e-01
7.50000e+02 4.99840e-01 1.71762e-01
7.60000e+02 4.99840e-01 1.87947e-01
7.70000e+02 4.99840e-01 2.05344e-01
7.80000e+02 4.99840e-01 2.23962e-01
7.90000e+02 4.99840e-01 2.43787e-01
8.00000e+02 4.99840e-01 2.64782e-01
8.10000e+02 4.99840e-01 2.86877e-01
8.20000e+02 4.99840e-01 3.09971e-01
8.30000e+02 4.99840e-01 3.33927e-01
8.40000e+02 4.99840e-01 3.58570e-01
8.50000e+02 4.99840e-01 3.83695e-01
8.60000e+02 4.99840e-01 4.09064e-01
8.70000e+02 4.99840e-01 4.34416e-01
8.80000e+02 4.99840e-01 4.59474e-01
8.90000e+02 4.99840e-01 4.83960e-01
9.00000e+02 4.99840e-01 5.07599e-01
9.10000e+02 4.99840e-01 5.30142e-01
9.20000e+02 4.99840e-01 5.51368e-01
9.30000e+02 4.99840e-01 5.71101e-01
9.40000e+02 4.99840e-01 5.89213e-01
9.50000e+02 4.99840e-01 6.05632e-01
9.60000e+02 4.99840e-01 6.20336e-01
9.70000e+02 4.99840e-01 6.33356e-01
9.80000e+02 4.99840e-01 6.44760e-01
9.90000e+02 4.99840e-01 6.54653e-01
1.00000e+03 4.99840e-01 6.63159e-01
1.01000e+03 4.99840e-01 6.70416e-01
1.02000e+03 4.99840e-01 6.76564e-01
1.03000e+03 4.99840e-01 6.81742e-01
1.04000e+03 4.99840e-01 6.86081e-01
1.05000e+03 4.99840e-01 6.89701e-01
1.06000e+03 4.99840e-01 6.92711e-01
1.07000e+03 4.99840e-01 6.95206e-01
1.08000e+03 4.99840e-01 6.97269e-01
1.09000e+03 4.99840e-01 6.98972e-01
1.10000e+03 4.99840e-01 7.00374e-01
1.11000e+03 4.99840e-01 7.01527e-01
1.12000e+03 4.99840e-01 7.02475e-01
1.13000e+03 4.99840e-01 7.03253e-01
1.14000e+03 4.99840e-01 7.03891e-01
1.15000e+03 4.99840e-01 7.04414e-01
1.16000e+03 4.99840e-01 7.04842e-01
1.17000e+03 4.99840e-01 7.05193e-01
1.18000e+03 4.99840e-01 7.05481e-01
1.19000e+03 4.99840e-01 7.05716e-01
1.20000e+03 4.99840e-01 7.05908e-01
1.21000e+03 4.99840e-01 7.06066e-01
1.22000e+03 4.99840e-01 7.06194e-01
1.23000e+03 4.99840e-01 7.06300e-01
1.24000e+03 4.99840e-01 7.06386e-01
1.25000e+03 4.99840e-01 7.06456e-01
1.26000e+03 4.99840e-01 7.06514e-01
1.27000e+03 4.99840e-01 7.06561e-01
1.28000e+03 4.99840e-01 7.06600e-01
1.29000e+03 4.99840e-01 7.06631e-01
1.30000e+03 4.99840e-01 7.06657e-01
1.31000e+03 4.99840e-01 7.06678e-01
1.32000e+03 4.99840e-01 7.06695e-01
1.33000e+03 4.99840e-01 7.06709e-01
1.34000e+03 4.99840e-01 7.06721e-01
1.35000e+03 4.99840e-01 7.06730e-01
1.36000e+03 4.99840e-01 7.06738e-01
1.37000e+03 4.99840e-01 7.06744e-01
1.38000e+03 4.99840e-01 7.06749e-01
1.39000e+03 4.99840e-01 7.06754e-01
1.40000e+03 4.99840e-01 7.06757e-01
1.41000e+03 4.99840e-01 7.06760e-01
1.42000e+03 4.99840e-01 7.06762e-01
1.43000e+03 4.99840e-01 7.06764e-01
1.44000e+03 4.99840e-01 7.06766e-01
1.45000e+03 4.99840e-01 7.06767e-01
1.46000e+03 4.99840e-01 7.06768e-01
1.47000e+03 4.99840e-01 7.06769e-01
1.48000e+03 4.99840e-01 7.06770e-01
1.49000e+03 4.99840e-01 7.06771e-01
1.50000e+03 4.99840e-01 7.06771e-01
1.51000e+03 4.99840e-01 7.06772e-01
1.52000e+03 4.99840e-01 7.06772e-01
1.53000e+03 4.99840e-01 7.06772e-01
1.54000e+03 4.99840e-01 7.06773e-01
1.55000e+03 4.99840e-01 7.06773e-01
1.56000e+03 4.99840e-01 7.06773e-01
1.57000e+03 4.99840e-01 7.06773e-01
1.58000e+03 4.99840e-01 7.06774e-01
1.59000e+03 4.99840e-01 7.06774e-01
1.60000e+03 4.99840e-01 7.06774e-01
1.61000e+03 4.99840e-01 7.06774e-01
1.62000e+03 4.99840e-01 7.06774e-01
1.63000e+03 4.99840e-01 7.06774e-01
1.64000e+03 4.99840e-01 7.06774e-01
1.65000e+03 4.99840e-01 7.06774e-01
1.66000e+03 4.99840e-01 7.06775e-01
1.67000e+03 4.99840e-01 7.06775e-01
1.68000e+03 4.99840e-01 7.06775e-01
1.69000e+03 4.99840e-01 7.06775e-01
1.70000e+03 4.99840e-01 7.06775e-01
1.71000e+03 4.99840e-01 7.06775e-01
1.72000e+03 4.99840e-01 7.06775e-01
1.73000e+03 4.99840e-01 7.06775e-01
1.74000e+03 4.99840e-01 7.06775e-01
1.75000e+03 4.99840e-01 7.06776e-01
1.76000e+03 4.99840e-01 7.06776e-01
1.77000e+03 4.99840e-01 7.06776e-01
1.78000e+03 4.99840e-01 7.06776e-01
1.79000e+03 4.99840e-01 7.06776e-01
1.80000e+03 4.99840e-01 7.06776e-01
1.81000e+03 4.99840e-01 7.06776e-01
1.82000e+03 4.99840e-01 7.06776e-01
1.83000e+03 4.99840e-01 7.06777e-01
1.84000e+03 4.99840e-01 7.06777e-01
1.85000e+03 4.99840e-01 7.06777e-01
1.86000e+03 4.99840e-01 7.06777e-01
1.87000e+03 4.99840e-01 7.06777e-01
1.88000e+03 4.99840e-01 7.06777e-01
1.89000e+03 4.99840e-01 7.06777e-01
1.90000e+03 4.99840e-01 7.06777e-01
1.91000e+03 4.99840e-01 7.06778e-01
1.92000e+03 4.99840e-01 7.06778e-01
1.93000e+03 4.99840e-01 7.06778e-01
1.94000e+03 4.99840e-01 7.06778e-01
1.95000e+03 4.99840e-01 7.06778e-01
1.96000e+03 4.99840e-01 7.06778e-01
1.97000e+03 4.99840e-01 7.06778e-01
1.98000e+03 4.99840e-01 7.06778e-01
1.99000e+03 4.99840e-01 7.06779e-01
2.00000e+03 4.99840e-01 7.06779e-01
2.01000e+03 4.99840e-01 7.06779e-01
2.02000e+03 4.99840e-01 7.06779e-01
2.03000e+03 4.99840e-01 7.06779e-01
2.04000e+03 4.99840e-01 7.06779e-01
2.05000e+03 4.99840e-01 7.06780e-01
2.06000e+03 4.99840e-01 7.06780e-01
2.07000e+03 4.99840e-01 7.06780e-01
2.08000e+03 4.99840e-01 7.06780e-01
2.09000e+03 4.99840e-01 7.06780e-01
2.10000e+03 4.99840e-01 7.06780e-01
2.11000e+03 4.99840e-01 7.06781e-01
2.12000e+03 4.99840e-01 7.06781e-01
2.13000e+03 4.99840e-01 7.06781e-01
2.14000e+03 4.99840e-01 7.06781e-01
2.15000e+03 4.99840e-01 7.06781e-01
2.16000e+03 4.99840e-01 7.06781e-01
2.17000e+03 4.99840e-01 7.06782e-01
2.18000e+03 4.99840e-01 7.06782e-01
2.19000e+03 4.99840e-01 7.06782e-01
2.20000e+03 4.99840e-01 7.06782e-01
2.21000e+03 4.99840e-01 7.06782e-01
2.22000e+03 4.99840e-01 7.06782e-01
2.23000e+03 4.99840e-01 7.06783e-01
2.24000e+03 4.99840e-01 7.06783e-01
2.25000e+03 4.99840e-01 7.06783e-01
2.26000e+03 4.99840e-01 7.06783e-01
2.27000e+03 4.99840e-01 7.06783e-01
2.28000e+03 4.99840e-01 7.06784e-01
2.29000e+03 4.99840e-01 7.06784e-01
2.30000e+03 4.99840e-01 7.06784e-01
2.31000e+03 4.99840e-01 7.06784e-01
2.32000e+03 4.99840e-01 7.06785e-01
2.33000e+03 4.99840e-01 7.06785e-01
2.34000e+03 4.99840e-01 7.06785e-01
2.35000e+03 4.99840e-01 7.06785e-01
2.36000e+03 4.99840e-01 7.06785e-01
2.37000e+03 4.99840e-01 7.06786e-01
2.38000e+03 4.99840e-01 7.06786e-01
2.39000e+03 4.99840e-01 7.06786e-01
2.40000e+03 4.99840e-01 7.06786e-01
2.41000e+03 4.99840e-01 7.06787e-01
2.42000e+03 4.99840e-01 7.06787e-01
2.43000e+03 4.99840e-01 7.06787e-01
2.44000e+03 4.99840e-01 7.06787e-01
2.45000e+03 4.99840e-01 7.06788e-01
2.46000e+03 4.99840e-01 7.06788e-01
2.47000e+03 4.99840e-01 7.06788e-01
2.48000e+03 4.99840e-01 7.06788e-01
2.49000e+03 4.99840e-01 7.06789e-01
2.50000e+03 4.99840e-01 7.06789e-01
