1.00000e+02 -2.70346e+01
2.00000e+02 -2.72436e+01
3.00000e+02 -2.72468e+01
4.00000e+02 -2.72479e+01
5.00000e+02 -2.72484e+01
6.00000e+02 -2.72488e+01
7.00000e+02 -2.72490e+01
8.00000e+02 -2.72492e+01
9.00000e+02 -2.72493e+01
1.00000e+03 -2.72494e+01
1.10000e+03 -2.72495e+01
1.20000e+03 -2.72496e+01
1.30000e+03 -2.72497e+01
1.40000e+03 -2.72497e+01
1.50000e+03 -2.72498e+01
1.60000e+03 -2.72498e+01
1.70000e+03 -2.72499e+01
1.80000e+03 -2.72500e+01
1.90000e+03 -2.72500e+01
2.00000e+03 -2.72501e+01
2.10000e+03 -2.72501e+01
2.20000e+03 -2.72502e+01
2.30000e+03 -2.72502e+01
2.40000e+03 -2.72503e+01
2.50000e+03 -2.72504e+01
2.60000e+03 -2.72504e+01
2.70000e+03 -2.72505e+01
2.80000e+03 -2.72506e+01
2.90000e+03 -2.72506e+01
3.00000e+03 -2.72507e+01
3.10000e+03 -2.72508e+01
3.20000e+03 -2.72508e+01
3.30000e+03 -2.72509e+01
3.40000e+03 -2.72510e+01
3.50000e+03 -2.72511e+01
3.60000e+03 -2.72512e+01
3.70000e+03 -2.72512e+01
3.80000e+03 -2.72513e+01
3.90000e+03 -2.72514e+01
4.00000e+03 -2.72515e+01
4.10000e+03 -2.72516e+01
4.20000e+03 -2.72517e+01
4.30000e+03 -2.72518e+01
4.40000e+03 -2.72520e+01
4.50000e+03 -2.72521e+01
4.60000e+03 -2.72522e+01
4.70000e+03 -2.72523e+01
4.80000e+03 -2.72525e+01
4.90000e+03 -2.72526e+01
5.00000e+03 -2.72528e+01
5.10000e+03 -2.72529e+01
5.20000e+03 -2.72531e+01
5.30000e+03 -2.72532e+01
5.40000e+03 -2.72534e+01
5.50000e+03 -2.72536e+01
5.60000e+03 -2.72538e+01
5.70000e+03 -2.72540e+01
5.80000e+03 -2.72542e+01
5.90000e+03 -2.72545e+01
6.00000e+03 -2.72547e+01
6.10000e+03 -2.72549e+01
6.20000e+03 -2.72552e+01
6.30000e+03 -2.72555e+01
6.40000e+03 -2.72558e+01
6.50000e+03 -2.72561e+01
6.60000e+03 -2.72564e+01
6.70000e+03 -2.72568e+01
6.80000e+03 -2.72571e+01
6.90000e+03 -2.72575e+01
7.00000e+03 -2.72580e+01
7.10000e+03 -2.72584e+01
7.20000e+03 -2.72589e+01
7.30000e+03 -2.72594e+01
7.40000e+03 -2.72600e+01
7.50000e+03 -2.72606e+01
7.60000e+03 -2.72612e+01
7.70000e+03 -2.72619e+01
7.80000e+03 -2.72626e+01
7.90000e+03 -2.72634e+01
8.00000e+03 -2.72643e+01
8.10000e+03 -2.72653e+01
8.20000e+03 -2.72663e+01
8.30000e+03 -2.72675e+01
8.40000e+03 -2.72687e+01
8.50000e+03 -2.72701e+01
8.60000e+03 -2.72717e+01
8.70000e+03 -2.72735e+01
8.80000e+03 -2.72754e+01
8.90000e+03 -2.72777e+01
9.00000e+03 -2.72802e+01
9.10000e+03 -2.72832e+01
9.20000e+03 -2.72866e+01
9.30000e+03 -2.72906e+01
9.40000e+03 -2.72954e+01
9.50000e+03 -2.73011e+01
9.60000e+03 -2.73080e+01
9.70000e+03 -2.73165e+01
9.80000e+03 -2.73270e+01
9.90000e+03 -2.73403e+01
1.00000e+04 -2.73570e+01
1.01000e+04 -2.73781e+01
1.02000e+04 -2.74047e+01
1.03000e+04 -2.74376e+01
1.04000e+04 -2.74776e+01
1.05000e+04 -2.75248e+01
1.06000e+04 -2.75792e+01
1.07000e+04 -2.76405e+01
1.08000e+04 -2.77086e+01
1.09000e+04 -2.77833e+01
1.10000e+04 -2.78647e+01
1.11000e+04 -2.79529e+01
1.12000e+04 -2.80475e+01
1.13000e+04 -2.81480e+01
1.14000e+04 -2.82536e+01
1.15000e+04 -2.83636e+01
1.16000e+04 -2.84772e+01
1.17000e+04 -2.85939e+01
1.18000e+04 -2.87130e+01
1.19000e+04 -2.88344e+01
1.20000e+04 -2.89580e+01
1.21000e+04 -2.90837e+01
1.22000e+04 -2.92117e+01
1.23000e+04 -2.93424e+01
1.24000e+04 -2.94763e+01
1.25000e+04 -2.96139e+01
1.26000e+04 -2.97561e+01
1.27000e+04 -2.99035e+01
1.28000e+04 -3.00562e+01
1.29000e+04 -3.02141e+01
1.30000e+04 -3.03762e+01
1.31000e+04 -3.05412e+01
1.32000e+04 -3.07078e+01
1.33000e+04 -3.08747e+01
1.34000e+04 -3.10410e+01
1.35000e+04 -3.12063e+01
1.36000e+04 -3.13701e+01
1.37000e+04 -3.15325e+01
1.38000e+04 -3.16936e+01
1.39000e+04 -3.18538e+01
1.40000e+04 -3.20136e+01
1.41000e+04 -3.21736e+01
1.42000e+04 -3.23349e+01
1.43000e+04 -3.24987e+01
1.44000e+04 -3.26663e+01
1.45000e+04 -3.28393e+01
1.46000e+04 -3.30195e+01
1.47000e+04 -3.32081e+01
1.48000e+04 -3.34058e+01
1.49000e+04 -3.36123e+01
1.50000e+04 -3.38267e+01
1.51000e+04 -3.40475e+01
1.52000e+04 -3.42734e+01
1.53000e+04 -3.45032e+01
1.54000e+04 -3.47361e+01
1.55000e+04 -3.49714e+01
1.56000e+04 -3.52084e+01
1.57000e+04 -3.54459e+01
1.58000e+04 -3.56826e+01
1.59000e+04 -3.59166e+01
1.60000e+04 -3.61464e+01
1.61000e+04 -3.63707e+01
1.62000e+04 -3.65885e+01
1.63000e+04 -3.67994e+01
1.64000e+04 -3.70030e+01
1.65000e+04 -3.71993e+01
1.66000e+04 -3.73886e+01
1.67000e+04 -3.75710e+01
1.68000e+04 -3.77468e+01
1.69000e+04 -3.79165e+01
1.70000e+04 -3.80805e+01
1.71000e+04 -3.82391e+01
1.72000e+04 -3.83927e+01
1.73000e+04 -3.85419e+01
1.74000e+04 -3.86870e+01
1.75000e+04 -3.88286e+01
1.76000e+04 -3.89672e+01
1.77000e+04 -3.91033e+01
1.78000e+04 -3.92375e+01
1.79000e+04 -3.93703e+01
1.80000e+04 -3.95022e+01
1.81000e+04 -3.96334e+01
1.82000e+04 -3.97640e+01
1.83000e+04 -3.98937e+01
1.84000e+04 -4.00223e+01
1.85000e+04 -4.01495e+01
1.86000e+04 -4.02750e+01
1.87000e+04 -4.03985e+01
1.88000e+04 -4.05196e+01
1.89000e+04 -4.06382e+01
1.90000e+04 -4.07541e+01
1.91000e+04 -4.08672e+01
1.92000e+04 -4.09773e+01
1.93000e+04 -4.10843e+01
1.94000e+04 -4.11882e+01
1.95000e+04 -4.12888e+01
1.96000e+04 -4.13858e+01
1.97000e+04 -4.14793e+01
1.98000e+04 -4.15690e+01
1.99000e+04 -4.16547e+01
2.00000e+04 -4.17363e+01
2.01000e+04 -4.18138e+01
2.02000e+04 -4.18871e+01
2.03000e+04 -4.19561e+01
2.04000e+04 -4.20210e+01
2.05000e+04 -4.20818e+01
2.06000e+04 -4.21385e+01
2.07000e+04 -4.21914e+01
2.08000e+04 -4.22405e+01
2.09000e+04 -4.22861e+01
2.10000e+04 -4.23283e+01
