1.00000e+02 3.20852e-01
2.00000e+02 -3.43928e-01
3.00000e+02 -4.78632e-01
4.00000e+02 -6.65596e-01
5.00000e+02 -9.31130e-01
6.00000e+02 -1.30317e+00
7.00000e+02 -1.81252e+00
8.00000e+02 -2.48801e+00
9.00000e+02 -3.34816e+00
1.00000e+03 -4.39168e+00
1.10000e+03 -5.59137e+00
1.20000e+03 -6.89626e+00
1.30000e+03 -8.24267e+00
1.40000e+03 -9.56880e+00
1.50000e+03 -1.08260e+01
1.60000e+03 -1.19828e+01
1.70000e+03 -1.30236e+01
1.80000e+03 -1.39471e+01
1.90000e+03 -1.47628e+01
2.00000e+03 -1.54846e+01
2.10000e+03 -1.61254e+01
2.20000e+03 -1.66968e+01
2.30000e+03 -1.72120e+01
2.40000e+03 -1.76840e+01
2.50000e+03 -1.81234e+01
2.60000e+03 -1.85365e+01
2.70000e+03 -1.89269e+01
2.80000e+03 -1.92969e+01
2.90000e+03 -1.96480e+01
3.00000e+03 -1.99817e+01
3.10000e+03 -2.02994e+01
3.20000e+03 -2.06023e+01
3.30000e+03 -2.08917e+01
3.40000e+03 -2.11692e+01
3.50000e+03 -2.14363e+01
3.60000e+03 -2.16947e+01
3.70000e+03 -2.19460e+01
3.80000e+03 -2.21911e+01
3.90000e+03 -2.24308e+01
4.00000e+03 -2.26648e+01
4.10000e+03 -2.28930e+01
4.20000e+03 -2.31149e+01
4.30000e+03 -2.33303e+01
4.40000e+03 -2.35390e+01
4.50000e+03 -2.37414e+01
4.60000e+03 -2.39379e+01
4.70000e+03 -2.41292e+01
4.80000e+03 -2.43158e+01
4.90000e+03 -2.44984e+01
5.00000e+03 -2.46774e+01
5.10000e+03 -2.48532e+01
5.20000e+03 -2.50261e+01
5.30000e+03 -2.51966e+01
5.40000e+03 -2.53649e+01
5.50000e+03 -2.55311e+01
5.60000e+03 -2.56952e+01
5.70000e+03 -2.58570e+01
5.80000e+03 -2.60165e+01
5.90000e+03 -2.61735e+01
6.00000e+03 -2.63279e+01
6.10000e+03 -2.64794e+01
6.20000e+03 -2.66282e+01
6.30000e+03 -2.67740e+01
6.40000e+03 -2.69171e+01
6.50000e+03 -2.70575e+01
6.60000e+03 -2.71953e+01
6.70000e+03 -2.73310e+01
6.80000e+03 -2.74649e+01
6.90000e+03 -2.75972e+01
7.00000e+03 -2.77284e+01
7.10000e+03 -2.78585e+01
7.20000e+03 -2.79877e+01
7.30000e+03 -2.81161e+01
7.40000e+03 -2.82436e+01
7.50000e+03 -2.83705e+01
7.60000e+03 -2.84971e+01
7.70000e+03 -2.86237e+01
7.80000e+03 -2.87509e+01
7.90000e+03 -2.88791e+01
8.00000e+03 -2.90089e+01
8.10000e+03 -2.91404e+01
8.20000e+03 -2.92736e+01
8.30000e+03 -2.94081e+01
8.40000e+03 -2.95431e+01
8.50000e+03 -2.96780e+01
8.60000e+03 -2.98123e+01
8.70000e+03 -2.99457e+01
8.80000e+03 -3.00780e+01
8.90000e+03 -3.02091e+01
9.00000e+03 -3.03388e+01
9.10000e+03 -3.04671e+01
9.20000e+03 -3.05936e+01
9.30000e+03 -3.07182e+01
9.40000e+03 -3.08405e+01
9.50000e+03 -3.09605e+01
9.60000e+03 -3.10780e+01
9.70000e+03 -3.11931e+01
9.80000e+03 -3.13059e+01
9.90000e+03 -3.14164e+01
1.00000e+04 -3.15247e+01
1.01000e+04 -3.16310e+01
1.02000e+04 -3.17354e+01
1.03000e+04 -3.18379e+01
1.04000e+04 -3.19386e+01
1.05000e+04 -3.20376e+01
1.06000e+04 -3.21349e+01
1.07000e+04 -3.22305e+01
1.08000e+04 -3.23245e+01
1.09000e+04 -3.24170e+01
1.10000e+04 -3.25079e+01
1.11000e+04 -3.25975e+01
1.12000e+04 -3.26857e+01
1.13000e+04 -3.27726e+01
1.14000e+04 -3.28582e+01
1.15000e+04 -3.29427e+01
1.16000e+04 -3.30259e+01
1.17000e+04 -3.31080e+01
1.18000e+04 -3.31890e+01
1.19000e+04 -3.32687e+01
1.20000e+04 -3.33473e+01
1.21000e+04 -3.34246e+01
1.22000e+04 -3.35007e+01
1.23000e+04 -3.35757e+01
1.24000e+04 -3.36495e+01
1.25000e+04 -3.37221e+01
1.26000e+04 -3.37936e+01
1.27000e+04 -3.38641e+01
1.28000e+04 -3.39336e+01
1.29000e+04 -3.40022e+01
1.30000e+04 -3.40698e+01
1.31000e+04 -3.41367e+01
1.32000e+04 -3.42026e+01
1.33000e+04 -3.42678e+01
1.34000e+04 -3.43323e+01
1.35000e+04 -3.43959e+01
1.36000e+04 -3.44588e+01
1.37000e+04 -3.45210e+01
1.38000e+04 -3.45823e+01
1.39000e+04 -3.46428e+01
1.40000e+04 -3.47025e+01
1.41000e+04 -3.47614e+01
1.42000e+04 -3.48194e+01
1.43000e+04 -3.48765e+01
1.44000e+04 -3.49327e+01
1.45000e+04 -3.49881e+01
1.46000e+04 -3.50427e+01
1.47000e+04 -3.50964e+01
1.48000e+04 -3.51493e+01
1.49000e+04 -3.52014e+01
1.50000e+04 -3.52528e+01
1.51000e+04 -3.53035e+01
1.52000e+04 -3.53536e+01
1.53000e+04 -3.54030e+01
1.54000e+04 -3.54518e+01
1.55000e+04 -3.55001e+01
1.56000e+04 -3.55479e+01
1.57000e+04 -3.55952e+01
1.58000e+04 -3.56420e+01
1.59000e+04 -3.56884e+01
1.60000e+04 -3.57343e+01
1.61000e+04 -3.57798e+01
1.62000e+04 -3.58249e+01
1.63000e+04 -3.58696e+01
1.64000e+04 -3.59138e+01
1.65000e+04 -3.59576e+01
1.66000e+04 -3.60009e+01
1.67000e+04 -3.60437e+01
1.68000e+04 -3.60860e+01
1.69000e+04 -3.61278e+01
1.70000e+04 -3.61692e+01
1.71000e+04 -3.62100e+01
1.72000e+04 -3.62503e+01
1.73000e+04 -3.62901e+01
1.74000e+04 -3.63294e+01
1.75000e+04 -3.63682e+01
1.76000e+04 -3.64066e+01
1.77000e+04 -3.64445e+01
1.78000e+04 -3.64819e+01
1.79000e+04 -3.65189e+01
1.80000e+04 -3.65555e+01
1.81000e+04 -3.65917e+01
1.82000e+04 -3.66275e+01
1.83000e+04 -3.66629e+01
1.84000e+04 -3.66979e+01
1.85000e+04 -3.67325e+01
1.86000e+04 -3.67668e+01
1.87000e+04 -3.68008e+01
1.88000e+04 -3.68344e+01
1.89000e+04 -3.68677e+01
1.90000e+04 -3.69006e+01
1.91000e+04 -3.69332e+01
1.92000e+04 -3.69654e+01
1.93000e+04 -3.69974e+01
1.94000e+04 -3.70290e+01
1.95000e+04 -3.70603e+01
1.96000e+04 -3.70913e+01
1.97000e+04 -3.71221e+01
1.98000e+04 -3.71525e+01
1.99000e+04 -3.71827e+01
2.00000e+04 -3.72126e+01
2.01000e+04 -3.72423e+01
2.02000e+04 -3.72717e+01
2.03000e+04 -3.73010e+01
2.04000e+04 -3.73300e+01
2.05000e+04 -3.73588e+01
2.06000e+04 -3.73875e+01
2.07000e+04 -3.74160e+01
2.08000e+04 -3.74443e+01
2.09000e+04 -3.74725e+01
2.10000e+04 -3.75005e+01
2.11000e+04 -3.75284e+01
2.12000e+04 -3.75562e+01
2.13000e+04 -3.75839e+01
2.14000e+04 -3.76114e+01
2.15000e+04 -3.76388e+01
2.16000e+04 -3.76661e+01
2.17000e+04 -3.76932e+01
2.18000e+04 -3.77202e+01
2.19000e+04 -3.77471e+01
2.20000e+04 -3.77738e+01
2.21000e+04 -3.78003e+01
2.22000e+04 -3.78267e+01
2.23000e+04 -3.78529e+01
2.24000e+04 -3.78788e+01
2.25000e+04 -3.79046e+01
2.26000e+04 -3.79302e+01
2.27000e+04 -3.79555e+01
2.28000e+04 -3.79807e+01
2.29000e+04 -3.80056e+01
