1.00000e+02 -3.11333e-01
2.00000e+02 -3.38192e-01
3.00000e+02 -3.49185e-01
4.00000e+02 -3.65390e-01
5.00000e+02 -3.89969e-01
6.00000e+02 -4.27482e-01
7.00000e+02 -4.84895e-01
8.00000e+02 -5.72761e-01
9.00000e+02 -7.06755e-01
1.00000e+03 -9.09386e-01
1.10000e+03 -1.21130e+00
1.20000e+03 -1.65085e+00
1.30000e+03 -2.26963e+00
1.40000e+03 -3.10191e+00
1.50000e+03 -4.15784e+00
1.60000e+03 -5.40623e+00
1.70000e+03 -6.76863e+00
1.80000e+03 -8.13496e+00
1.90000e+03 -9.39806e+00
2.00000e+03 -1.04880e+01
2.10000e+03 -1.13853e+01
2.20000e+03 -1.21109e+01
2.30000e+03 -1.27032e+01
2.40000e+03 -1.32008e+01
2.50000e+03 -1.36334e+01
