1.00000e+00 1.90197e-01 1.26358e-01
2.00000e+00 2.14335e-01 1.37506e-01
3.00000e+00 1.86572e-01 1.40729e-01
4.00000e+00 1.58630e-01 1.39599e-01
5.00000e+00 1.33966e-01 1.38767e-01
6.00000e+00 1.16755e-01 1.41659e-01
7.00000e+00 1.10476e-01 1.50780e-01
8.00000e+00 1.17598e-01 1.68506e-01
9.00000e+00 1.40693e-01 1.97188e-01
1.00000e+01 1.83364e-01 2.38733e-01
1.10000e+01 2.51375e-01 2.93094e-01
1.20000e+01 3.52236e-01 3.54632e-01
1.30000e+01 4.84479e-01 4.07365e-01
1.40000e+01 6.15584e-01 4.26891e-01
1.50000e+01 6.95033e-01 3.94599e-01
