1.00000e+01 7.58316e-02 2.32950e-01
2.00000e+01 1.69477e-01 1.70639e-01
3.00000e+01 1.74392e-01 1.65985e-01
4.00000e+01 1.76145e-01 1.61384e-01
5.00000e+01 1.80772e-01 1.57778e-01
6.00000e+01 1.87699e-01 1.59513e-01
7.00000e+01 1.94439e-01 1.69954e-01
8.00000e+01 1.97787e-01 1.91408e-01
9.00000e+01 1.95082e-01 2.25409e-01
1.00000e+02 1.85637e-01 2.72205e-01
1.10000e+02 1.71591e-01 3.28655e-01
1.20000e+02 1.57430e-01 3.84262e-01
1.30000e+02 1.48451e-01 4.19265e-01
1.40000e+02 1.49456e-01 4.12525e-01
1.50000e+02 1.64608e-01 3.55235e-01
1.60000e+02 1.98072e-01 2.56455e-01
1.70000e+02 2.54246e-01 1.43853e-01
1.80000e+02 3.35478e-01 5.72657e-02
1.90000e+02 4.33500e-01 1.60268e-02
2.00000e+02 5.19293e-01 3.78484e-03
2.10000e+02 5.56382e-01 1.06016e-03
2.20000e+02 5.30449e-01 4.65707e-04
2.30000e+02 4.47366e-01 3.38389e-04
2.40000e+02 3.18125e-01 3.83402e-04
2.50000e+02 1.69390e-01 6.13846e-04
2.60000e+02 5.69342e-02 1.16943e-03
2.70000e+02 1.12757e-02 2.21130e-03
2.80000e+02 1.55496e-03 3.78253e-03
2.90000e+02 1.92402e-04 5.84557e-03
3.00000e+02 2.64143e-05 8.43139e-03
3.10000e+02 5.35066e-06 1.16987e-02
3.20000e+02 2.64807e-06 1.59447e-02
3.30000e+02 3.37452e-06 2.16415e-02
3.40000e+02 6.96007e-06 2.95235e-02
3.50000e+02 1.83731e-05 4.07490e-02
3.60000e+02 5.70495e-05 5.71741e-02
3.70000e+02 1.94155e-04 8.17707e-02
3.80000e+02 6.47986e-04 1.19118e-01
3.90000e+02 1.83338e-03 1.75554e-01
4.00000e+02 4.03704e-03 2.57905e-01
4.10000e+02 7.22770e-03 3.69453e-01
4.20000e+02 1.16041e-02 5.04333e-01
4.30000e+02 1.80178e-02 6.45996e-01
4.40000e+02 2.82550e-02 7.72007e-01
4.50000e+02 4.57604e-02 8.60760e-01
4.60000e+02 7.72006e-02 9.04651e-01
4.70000e+02 1.34888e-01 9.15198e-01
4.80000e+02 2.37073e-01 9.06357e-01
4.90000e+02 3.95053e-01 8.84587e-01
5.00000e+02 5.84145e-01 8.49880e-01
5.10000e+02 7.48418e-01 7.97930e-01
5.20000e+02 8.56106e-01 7.21740e-01
5.30000e+02 9.12689e-01 6.14694e-01
5.40000e+02 9.34269e-01 4.76981e-01
5.50000e+02 9.32187e-01 3.22945e-01
5.60000e+02 9.10199e-01 1.80328e-01
5.70000e+02 8.65097e-01 7.62836e-02
5.80000e+02 7.87433e-01 2.14931e-02
5.90000e+02 6.63597e-01 3.64082e-03
6.00000e+02 4.86180e-01 3.93576e-04
6.10000e+02 2.81565e-01 3.24019e-05
6.20000e+02 1.19655e-01 2.37458e-06
6.30000e+02 3.90889e-02 1.82779e-07
6.40000e+02 1.12284e-02 3.34721e-08
6.50000e+02 3.13167e-03 5.49588e-08
6.60000e+02 8.86555e-04 1.70237e-07
6.70000e+02 2.57894e-04 5.65306e-07
6.80000e+02 7.66701e-05 1.92457e-06
6.90000e+02 2.32493e-05 6.64020e-06
7.00000e+02 8.59522e-06 2.28943e-05
7.10000e+02 8.29673e-06 7.71153e-05
7.20000e+02 1.94822e-05 2.45055e-04
7.30000e+02 5.44197e-05 7.02509e-04
7.40000e+02 1.52012e-04 1.74934e-03
7.50000e+02 4.09834e-04 3.76607e-03
7.60000e+02 1.04014e-03 7.25150e-03
7.70000e+02 2.42598e-03 1.31157e-02
7.80000e+02 5.12065e-03 2.31925e-02
7.90000e+02 9.81696e-03 4.09518e-02
8.00000e+02 1.74695e-02 7.23921e-02
8.10000e+02 2.96439e-02 1.26579e-01
8.20000e+02 4.89919e-02 2.13931e-01
8.30000e+02 7.97114e-02 3.39187e-01
8.40000e+02 1.27670e-01 4.90564e-01
8.50000e+02 1.99391e-01 6.39236e-01
8.60000e+02 2.98685e-01 7.57671e-01
8.70000e+02 4.20959e-01 8.34502e-01
8.80000e+02 5.49882e-01 8.70905e-01
8.90000e+02 6.63772e-01 8.70569e-01
9.00000e+02 7.47541e-01 8.33451e-01
9.10000e+02 7.95993e-01 7.55007e-01
9.20000e+02 8.08993e-01 6.31276e-01
9.30000e+02 7.86772e-01 4.70056e-01
9.40000e+02 7.28143e-01 3.00549e-01
9.50000e+02 6.32333e-01 1.62354e-01
9.60000e+02 5.04233e-01 7.53919e-02
9.70000e+02 3.60250e-01 3.12432e-02
9.80000e+02 2.27017e-01 1.20196e-02
9.90000e+02 1.27181e-01 4.45130e-03
1.00000e+03 6.52106e-02 1.64475e-03
1.01000e+03 3.15502e-02 6.34602e-04
1.02000e+03 1.47754e-02 2.81912e-04
1.03000e+03 6.83350e-03 1.91950e-04
1.04000e+03 3.17720e-03 2.78516e-04
1.05000e+03 1.53279e-03 6.31390e-04
1.06000e+03 8.50290e-04 1.48213e-03
1.07000e+03 7.09015e-04 3.16280e-03
1.08000e+03 1.04972e-03 6.12689e-03
1.09000e+03 2.07868e-03 1.11682e-02
1.10000e+03 4.20187e-03 1.98377e-02
1.11000e+03 7.95117e-03 3.50479e-02
1.12000e+03 1.40435e-02 6.18624e-02
1.13000e+03 2.36593e-02 1.08141e-01
1.14000e+03 3.88577e-02 1.83726e-01
1.15000e+03 6.30372e-02 2.95589e-01
1.16000e+03 1.01277e-01 4.38262e-01
1.17000e+03 1.60039e-01 5.88709e-01
1.18000e+03 2.45142e-01 7.18351e-01
1.19000e+03 3.57041e-01 8.10535e-01
1.20000e+03 4.85336e-01 8.62836e-01
1.21000e+03 6.09610e-01 8.78713e-01
1.22000e+03 7.10237e-01 8.60065e-01
1.23000e+03 7.77364e-01 8.04354e-01
1.24000e+03 8.09079e-01 7.06488e-01
1.25000e+03 8.05956e-01 5.66235e-01
1.26000e+03 7.67599e-01 3.99427e-01
1.27000e+03 6.92472e-01 2.40806e-01
1.28000e+03 5.81356e-01 1.23701e-01
1.29000e+03 4.43477e-01 5.55281e-02
1.30000e+03 3.00479e-01 2.25641e-02
1.31000e+03 1.79562e-01 8.58648e-03
1.32000e+03 9.64325e-02 3.15798e-03
1.33000e+03 4.80428e-02 1.16010e-03
1.34000e+03 2.28392e-02 4.45786e-04
1.35000e+03 1.06039e-02 2.00898e-04
1.36000e+03 4.89498e-03 1.48379e-04
1.37000e+03 2.29426e-03 2.36844e-04
1.38000e+03 1.15072e-03 5.50815e-04
1.39000e+03 7.32827e-04 1.28849e-03
1.40000e+03 7.93042e-04 2.71332e-03
1.41000e+03 1.39374e-03 5.12633e-03
1.42000e+03 2.83806e-03 8.98616e-03
1.43000e+03 5.59309e-03 1.51595e-02
1.44000e+03 1.02507e-02 2.52435e-02
1.45000e+03 1.76839e-02 4.19848e-02
1.46000e+03 2.93964e-02 6.97894e-02
1.47000e+03 4.79660e-02 1.15095e-01
1.48000e+03 7.74815e-02 1.85841e-01
1.49000e+03 1.23700e-01 2.88517e-01
1.50000e+03 1.93168e-01 4.21372e-01
1.51000e+03 2.90107e-01 5.67276e-01
1.52000e+03 4.10839e-01 6.98364e-01
1.53000e+03 5.39983e-01 7.93095e-01
1.54000e+03 6.55917e-01 8.44479e-01
1.55000e+03 7.42789e-01 8.54683e-01
1.56000e+03 7.94776e-01 8.26854e-01
1.57000e+03 8.11582e-01 7.61119e-01
1.58000e+03 7.93582e-01 6.56207e-01
1.59000e+03 7.39686e-01 5.15881e-01
1.60000e+03 6.48725e-01 3.57186e-01
1.61000e+03 5.24299e-01 2.11209e-01
1.62000e+03 3.80906e-01 1.05838e-01
1.63000e+03 2.44280e-01 4.57510e-02
1.64000e+03 1.38812e-01 1.75879e-02
1.65000e+03 7.18119e-02 6.25883e-03
1.66000e+03 3.49000e-02 2.16279e-03
1.67000e+03 1.63664e-02 7.68587e-04
1.68000e+03 7.57373e-03 3.12488e-04
1.69000e+03 3.53127e-03 1.97449e-04
1.70000e+03 1.71550e-03 2.76121e-04
1.71000e+03 9.49865e-04 6.21119e-04
1.72000e+03 7.50097e-04 1.49066e-03
1.73000e+03 1.01911e-03 3.30434e-03
1.74000e+03 1.93454e-03 6.57103e-03
1.75000e+03 3.88273e-03 1.19594e-02
1.76000e+03 7.38016e-03 2.06406e-02
1.77000e+03 1.31051e-02 3.47812e-02
1.78000e+03 2.21507e-02 5.80819e-02
1.79000e+03 3.64277e-02 9.62464e-02
1.80000e+03 5.91255e-02 1.56888e-01
1.81000e+03 9.50902e-02 2.47611e-01
1.82000e+03 1.50668e-01 3.70553e-01
1.83000e+03 2.31991e-01 5.14439e-01
1.84000e+03 3.40616e-01 6.53870e-01
1.85000e+03 4.67795e-01 7.63770e-01
1.86000e+03 5.93973e-01 8.32428e-01
1.87000e+03 6.98638e-01 8.59841e-01
1.88000e+03 7.70496e-01 8.49618e-01
1.89000e+03 8.06893e-01 8.03151e-01
1.90000e+03 8.08347e-01 7.18881e-01
1.91000e+03 7.74697e-01 5.96472e-01
1.92000e+03 7.04456e-01 4.44677e-01
1.93000e+03 5.97787e-01 2.87646e-01
1.94000e+03 4.62436e-01 1.57922e-01
1.95000e+03 3.18482e-01 7.39752e-02
1.96000e+03 1.93300e-01 3.02947e-02
1.97000e+03 1.05007e-01 1.12247e-02
1.98000e+03 5.26848e-02 3.92938e-03
1.99000e+03 2.51408e-02 1.36689e-03
2.00000e+03 1.16989e-02 5.06003e-04
