3.53553e+01 4.9077077146e+00
3.46554e+01 4.9199774065e+00
3.39706e+01 4.9566723474e+00
3.33017e+01 5.0174527287e+00
3.26497e+01 5.1017468277e+00
3.20156e+01 5.2087406082e+00
3.14006e+01 5.3373640675e+00
3.08058e+01 5.4862755066e+00
3.02324e+01 5.6538452331e+00
2.96816e+01 5.8381405433e+00
2.91548e+01 6.0369141442e+00
2.86531e+01 6.2475984284e+00
2.81780e+01 6.4673081580e+00
2.77308e+01 6.6928540967e+00
2.73130e+01 6.9207699062e+00
2.69258e+01 7.1473541473e+00
2.65707e+01 7.3687284854e+00
2.62488e+01 7.5809121955e+00
2.59615e+01 7.7799118479e+00
2.57099e+01 7.9618237052e+00
2.54951e+01 8.1229450094e+00
2.53180e+01 8.2598891160e+00
2.51794e+01 8.3696985070e+00
2.50799e+01 8.4499492175e+00
2.50200e+01 8.4988402493e+00
2.50000e+01 8.5152621669e+00
2.50200e+01 8.4988402493e+00
2.50799e+01 8.4499492175e+00
2.51794e+01 8.3696985070e+00
2.53180e+01 8.2598891160e+00
2.54951e+01 8.1229450094e+00
2.57099e+01 7.9618237052e+00
2.59615e+01 7.7799118479e+00
2.62488e+01 7.5809121955e+00
2.65707e+01 7.3687284854e+00
2.69258e+01 7.1473541473e+00
2.73130e+01 6.9207699062e+00
2.77308e+01 6.6928540967e+00
2.81780e+01 6.4673081580e+00
2.86531e+01 6.2475984284e+00
2.91548e+01 6.0369141442e+00
2.96816e+01 5.8381405433e+00
3.02324e+01 5.6538452331e+00
3.08058e+01 5.4862755066e+00
3.14006e+01 5.3373640675e+00
3.20156e+01 5.2087406082e+00
3.26497e+01 5.1017468277e+00
3.33017e+01 5.0174527287e+00
3.39706e+01 4.9566723474e+00
3.46554e+01 4.9199774065e+00
3.46554e+01 4.9199774065e+00
3.39411e+01 4.9323643360e+00
3.32415e+01 4.9694108310e+00
3.25576e+01 5.0307782100e+00
3.18904e+01 5.1158966970e+00
3.12410e+01 5.2239545017e+00
3.06105e+01 5.3538834954e+00
3.00000e+01 5.5043426470e+00
2.94109e+01 5.6737007324e+00
2.88444e+01 5.8600201926e+00
2.83019e+01 6.0610443477e+00
2.77849e+01 6.2741904461e+00
2.72947e+01 6.4965511995e+00
2.68328e+01 6.7249074512e+00
2.64008e+01 6.9557544203e+00
2.60000e+01 7.1853434910e+00
2.56320e+01 7.4097407613e+00
2.52982e+01 7.6249025370e+00
2.50000e+01 7.8267666896e+00
2.47386e+01 8.0113573928e+00
2.45153e+01 8.1748993222e+00
2.43311e+01 8.3139361157e+00
2.41868e+01 8.4254468973e+00
2.40832e+01 8.5069541315e+00
2.40208e+01 8.5566160933e+00
2.40000e+01 8.5732978768e+00
2.40208e+01 8.5566160933e+00
2.40832e+01 8.5069541315e+00
2.41868e+01 8.4254468973e+00
2.43311e+01 8.3139361157e+00
2.45153e+01 8.1748993222e+00
2.47386e+01 8.0113573928e+00
2.50000e+01 7.8267666896e+00
2.52982e+01 7.6249025370e+00
2.56320e+01 7.4097407613e+00
2.60000e+01 7.1853434910e+00
2.64008e+01 6.9557544203e+00
2.68328e+01 6.7249074512e+00
2.72947e+01 6.4965511995e+00
2.77849e+01 6.2741904461e+00
2.83019e+01 6.0610443477e+00
2.88444e+01 5.8600201926e+00
2.94109e+01 5.6737007324e+00
3.00000e+01 5.5043426470e+00
3.06105e+01 5.3538834954e+00
3.12410e+01 5.2239545017e+00
3.18904e+01 5.1158966970e+00
3.25576e+01 5.0307782100e+00
3.32415e+01 4.9694108310e+00
3.39411e+01 4.9323643360e+00
3.39706e+01 4.9566723474e+00
3.32415e+01 4.9694108310e+00
3.25269e+01 5.0075120691e+00
3.18277e+01 5.0706408663e+00
3.11448e+01 5.1582333306e+00
3.04795e+01 5.2694844536e+00
2.98329e+01 5.4033317740e+00
2.92062e+01 5.5584362873e+00
2.86007e+01 5.7331621542e+00
2.80179e+01 5.9255571704e+00
2.74591e+01 6.1333363435e+00
2.69258e+01 6.3538712698e+00
2.64197e+01 6.5841882303e+00
2.59422e+01 6.8209779941e+00
2.54951e+01 7.0606201414e+00
2.50799e+01 7.2992242578e+00
2.46982e+01 7.5326895593e+00
2.43516e+01 7.7567833868e+00
2.40416e+01 7.9672376107e+00
2.37697e+01 8.1598603891e+00
2.35372e+01 8.3306590932e+00
2.33452e+01 8.4759687053e+00
2.31948e+01 8.5925788218e+00
2.30868e+01 8.6778517216e+00
2.30217e+01 8.7298239362e+00
2.30000e+01 8.7472844379e+00
2.30217e+01 8.7298239362e+00
2.30868e+01 8.6778517216e+00
2.31948e+01 8.5925788218e+00
2.33452e+01 8.4759687053e+00
2.35372e+01 8.3306590932e+00
2.37697e+01 8.1598603891e+00
2.40416e+01 7.9672376107e+00
2.43516e+01 7.7567833868e+00
2.46982e+01 7.5326895593e+00
2.50799e+01 7.2992242578e+00
2.54951e+01 7.0606201414e+00
2.59422e+01 6.8209779941e+00
2.64197e+01 6.5841882303e+00
2.69258e+01 6.3538712698e+00
2.74591e+01 6.1333363435e+00
2.80179e+01 5.9255571704e+00
2.86007e+01 5.7331621542e+00
2.92062e+01 5.5584362873e+00
2.98329e+01 5.4033317740e+00
3.04795e+01 5.2694844536e+00
3.11448e+01 5.1582333306e+00
3.18277e+01 5.0706408663e+00
3.25269e+01 5.0075120691e+00
3.32415e+01 4.9694108310e+00
3.33017e+01 5.0174527287e+00
3.25576e+01 5.0307782100e+00
3.18277e+01 5.0706408663e+00
3.11127e+01 5.1367118160e+00
3.04138e+01 5.2284377725e+00
2.97321e+01 5.3450261265e+00
2.90689e+01 5.4854252059e+00
2.84253e+01 5.6483008989e+00
2.78029e+01 5.8320112637e+00
2.72029e+01 6.0345812280e+00
2.66271e+01 6.2536799692e+00
2.60768e+01 6.4866040147e+00
2.55539e+01 6.7302694541e+00
2.50599e+01 6.9812168176e+00
2.45967e+01 7.2356320725e+00
2.41661e+01 7.4893867394e+00
2.37697e+01 7.7380992761e+00
2.34094e+01 7.9772186093e+00
2.30868e+01 8.2021290550e+00
2.28035e+01 8.4082739639e+00
2.25610e+01 8.5912934374e+00
2.23607e+01 8.7471695902e+00
2.22036e+01 8.8723713463e+00
2.20907e+01 8.9639898612e+00
2.20227e+01 9.0198555548e+00
2.20000e+01 9.0386285035e+00
2.20227e+01 9.0198555548e+00
2.20907e+01 8.9639898612e+00
2.22036e+01 8.8723713463e+00
2.23607e+01 8.7471695902e+00
2.25610e+01 8.5912934374e+00
2.28035e+01 8.4082739639e+00
2.30868e+01 8.2021290550e+00
2.34094e+01 7.9772186093e+00
2.37697e+01 7.7380992761e+00
2.41661e+01 7.4893867394e+00
2.45967e+01 7.2356320725e+00
2.50599e+01 6.9812168176e+00
2.55539e+01 6.7302694541e+00
2.60768e+01 6.4866040147e+00
2.66271e+01 6.2536799692e+00
2.72029e+01 6.0345812280e+00
2.78029e+01 5.8320112637e+00
2.84253e+01 5.6483008989e+00
2.90689e+01 5.4854252059e+00
2.97321e+01 5.3450261265e+00
3.04138e+01 5.2284377725e+00
3.11127e+01 5.1367118160e+00
3.18277e+01 5.0706408663e+00
3.25576e+01 5.0307782100e+00
3.26497e+01 5.1017468277e+00
3.18904e+01 5.1158966970e+00
3.11448e+01 5.1582333306e+00
3.04138e+01 5.2284377725e+00
2.96985e+01 5.3259735001e+00
2.90000e+01 5.4500679296e+00
2.83196e+01 5.5996877929e+00
2.76586e+01 5.7735095938e+00
2.70185e+01 5.9698868591e+00
2.64008e+01 6.1868164855e+00
2.58070e+01 6.4219071101e+00
2.52389e+01 6.6723530477e+00
2.46982e+01 6.9349178595e+00
2.41868e+01 7.2059319344e+00
2.37065e+01 7.4813084676e+00
2.32594e+01 7.7565817931e+00
2.28473e+01 8.0269710894e+00
2.24722e+01 8.2874709929e+00
2.21359e+01 8.5329686738e+00
2.18403e+01 8.7583845666e+00
2.15870e+01 8.9588314337e+00
2.13776e+01 9.1297840377e+00
2.12132e+01 9.2672497395e+00
2.10950e+01 9.3679291238e+00
2.10238e+01 9.4293555132e+00
2.10000e+01 9.4500031148e+00
2.10238e+01 9.4293555132e+00
2.10950e+01 9.3679291238e+00
2.12132e+01 9.2672497395e+00
2.13776e+01 9.1297840377e+00
2.15870e+01 8.9588314337e+00
2.18403e+01 8.7583845666e+00
2.21359e+01 8.5329686738e+00
2.24722e+01 8.2874709929e+00
2.28473e+01 8.0269710894e+00
2.32594e+01 7.7565817931e+00
2.37065e+01 7.4813084676e+00
2.41868e+01 7.2059319344e+00
2.46982e+01 6.9349178595e+00
2.52389e+01 6.6723530477e+00
2.58070e+01 6.4219071101e+00
2.64008e+01 6.1868164855e+00
2.70185e+01 5.9698868591e+00
2.76586e+01 5.7735095938e+00
2.83196e+01 5.5996877929e+00
2.90000e+01 5.4500679296e+00
2.96985e+01 5.3259735001e+00
3.04138e+01 5.2284377725e+00
3.11448e+01 5.1582333306e+00
3.18904e+01 5.1158966970e+00
3.20156e+01 5.2087406082e+00
3.12410e+01 5.2239545017e+00
3.04795e+01 5.2694844536e+00
2.97321e+01 5.3450261265e+00
2.90000e+01 5.4500679296e+00
2.82843e+01 5.5838677654e+00
2.75862e+01 5.7454219174e+00
2.69072e+01 5.9334272932e+00
2.62488e+01 6.1462388403e+00
2.56125e+01 6.3818246740e+00
2.50000e+01 6.6377222798e+00
2.44131e+01 6.9109999949e+00
2.38537e+01 7.1982287299e+00
2.33238e+01 7.4954694303e+00
2.28254e+01 7.7982819309e+00
2.23607e+01 8.1017604709e+00
2.19317e+01 8.4006000943e+00
2.15407e+01 8.6891963929e+00
2.11896e+01 8.9617786014e+00
2.08806e+01 9.2125730775e+00
2.06155e+01 9.4359909624e+00
2.03961e+01 9.6268306850e+00
2.02237e+01 9.7804833682e+00
2.00998e+01 9.8931275227e+00
2.00250e+01 9.9618989993e+00
2.00000e+01 9.9850231993e+00
2.00250e+01 9.9618989993e+00
2.00998e+01 9.8931275227e+00
2.02237e+01 9.7804833682e+00
2.03961e+01 9.6268306850e+00
2.06155e+01 9.4359909624e+00
2.08806e+01 9.2125730775e+00
2.11896e+01 8.9617786014e+00
2.15407e+01 8.6891963929e+00
2.19317e+01 8.4006000943e+00
2.23607e+01 8.1017604709e+00
2.28254e+01 7.7982819309e+00
2.33238e+01 7.4954694303e+00
2.38537e+01 7.1982287299e+00
2.44131e+01 6.9109999949e+00
2.50000e+01 6.6377222798e+00
2.56125e+01 6.3818246740e+00
2.62488e+01 6.1462388403e+00
2.69072e+01 5.9334272932e+00
2.75862e+01 5.7454219174e+00
2.82843e+01 5.5838677654e+00
2.90000e+01 5.4500679296e+00
2.97321e+01 5.3450261265e+00
3.04795e+01 5.2694844536e+00
3.12410e+01 5.2239545017e+00
3.14006e+01 5.3373640675e+00
3.06105e+01 5.3538834954e+00
2.98329e+01 5.4033317740e+00
2.90689e+01 5.4854252059e+00
2.83196e+01 5.5996877929e+00
2.75862e+01 5.7454219174e+00
2.68701e+01 5.9216689823e+00
2.61725e+01 6.1271611996e+00
2.54951e+01 6.3602664267e+00
2.48395e+01 6.6189288683e+00
2.42074e+01 6.9006095259e+00
2.36008e+01 7.2022314273e+00
2.30217e+01 7.5201357462e+00
2.24722e+01 7.8500557542e+00
2.19545e+01 8.1871159176e+00
2.14709e+01 8.5258631400e+00
2.10238e+01 8.8603359824e+00
2.06155e+01 9.1841755664e+00
2.02485e+01 9.4907788206e+00
1.99249e+01 9.7734909398e+00
1.96469e+01 1.0025829746e+01
1.94165e+01 1.0241730538e+01
1.92354e+01 1.0415796543e+01
1.91050e+01 1.0543537819e+01
1.90263e+01 1.0621580774e+01
1.90000e+01 1.0647831694e+01
1.90263e+01 1.0621580774e+01
1.91050e+01 1.0543537819e+01
1.92354e+01 1.0415796543e+01
1.94165e+01 1.0241730538e+01
1.96469e+01 1.0025829746e+01
1.99249e+01 9.7734909398e+00
2.02485e+01 9.4907788206e+00
2.06155e+01 9.1841755664e+00
2.10238e+01 8.8603359824e+00
2.14709e+01 8.5258631400e+00
2.19545e+01 8.1871159176e+00
2.24722e+01 7.8500557542e+00
2.30217e+01 7.5201357462e+00
2.36008e+01 7.2022314273e+00
2.42074e+01 6.9006095259e+00
2.48395e+01 6.6189288683e+00
2.54951e+01 6.3602664267e+00
2.61725e+01 6.1271611996e+00
2.68701e+01 5.9216689823e+00
2.75862e+01 5.7454219174e+00
2.83196e+01 5.5996877929e+00
2.90689e+01 5.4854252059e+00
2.98329e+01 5.4033317740e+00
3.06105e+01 5.3538834954e+00
3.08058e+01 5.4862755066e+00
3.00000e+01 5.5043426470e+00
2.92062e+01 5.5584362873e+00
2.84253e+01 5.6483008989e+00
2.76586e+01 5.7735095938e+00
2.69072e+01 5.9334272932e+00
2.61725e+01 6.1271611996e+00
2.54558e+01 6.3534996695e+00
2.47588e+01 6.6108414409e+00
2.40832e+01 6.8971183166e+00
2.34307e+01 7.2097157969e+00
2.28035e+01 7.5453976932e+00
2.22036e+01 7.9002422542e+00
2.16333e+01 8.2695985640e+00
2.10950e+01 8.6480726343e+00
2.05913e+01 9.0295524193e+00
2.01246e+01 9.4072796735e+00
1.96977e+01 9.7739740088e+00
1.93132e+01 1.0122010705e+01
1.89737e+01 1.0443649008e+01
1.86815e+01 1.0731302260e+01
1.84391e+01 1.0977835837e+01
1.82483e+01 1.1176874302e+01
1.81108e+01 1.1323096104e+01
1.80278e+01 1.1412493132e+01
1.80000e+01 1.1442573915e+01
1.80278e+01 1.1412493132e+01
1.81108e+01 1.1323096104e+01
1.82483e+01 1.1176874302e+01
1.84391e+01 1.0977835837e+01
1.86815e+01 1.0731302260e+01
1.89737e+01 1.0443649008e+01
1.93132e+01 1.0122010705e+01
1.96977e+01 9.7739740088e+00
2.01246e+01 9.4072796735e+00
2.05913e+01 9.0295524193e+00
2.10950e+01 8.6480726343e+00
2.16333e+01 8.2695985640e+00
2.22036e+01 7.9002422542e+00
2.28035e+01 7.5453976932e+00
2.34307e+01 7.2097157969e+00
2.40832e+01 6.8971183166e+00
2.47588e+01 6.6108414409e+00
2.54558e+01 6.3534996695e+00
2.61725e+01 6.1271611996e+00
2.69072e+01 5.9334272932e+00
2.76586e+01 5.7735095938e+00
2.84253e+01 5.6483008989e+00
2.92062e+01 5.5584362873e+00
3.00000e+01 5.5043426470e+00
3.02324e+01 5.6538452331e+00
2.94109e+01 5.6737007324e+00
2.86007e+01 5.7331621542e+00
2.78029e+01 5.8320112637e+00
2.70185e+01 5.9698868591e+00
2.62488e+01 6.1462388403e+00
2.54951e+01 6.3602664267e+00
2.47588e+01 6.6108414409e+00
2.40416e+01 6.8964186014e+00
2.33452e+01 7.2149362058e+00
2.26716e+01 7.5637123827e+00
2.20227e+01 7.9393441238e+00
2.14009e+01 8.3376183499e+00
2.08087e+01 8.7534460023e+00
2.02485e+01 9.1808312127e+00
1.97231e+01 9.6128875788e+00
1.92354e+01 1.0041912123e+01
1.87883e+01 1.0459524422e+01
1.83848e+01 1.0856873669e+01
1.80278e+01 1.1224910313e+01
1.77200e+01 1.1554712018e+01
1.74642e+01 1.1837846752e+01
1.72627e+01 1.2066749778e+01
1.71172e+01 1.2235087284e+01
1.70294e+01 1.2338077877e+01
1.70000e+01 1.2372744963e+01
1.70294e+01 1.2338077877e+01
1.71172e+01 1.2235087284e+01
1.72627e+01 1.2066749778e+01
1.74642e+01 1.1837846752e+01
1.77200e+01 1.1554712018e+01
1.80278e+01 1.1224910313e+01
1.83848e+01 1.0856873669e+01
1.87883e+01 1.0459524422e+01
1.92354e+01 1.0041912123e+01
1.97231e+01 9.6128875788e+00
2.02485e+01 9.1808312127e+00
2.08087e+01 8.7534460023e+00
2.14009e+01 8.3376183499e+00
2.20227e+01 7.9393441238e+00
2.26716e+01 7.5637123827e+00
2.33452e+01 7.2149362058e+00
2.40416e+01 6.8964186014e+00
2.47588e+01 6.6108414409e+00
2.54951e+01 6.3602664267e+00
2.62488e+01 6.1462388403e+00
2.70185e+01 5.9698868591e+00
2.78029e+01 5.8320112637e+00
2.86007e+01 5.7331621542e+00
2.94109e+01 5.6737007324e+00
2.96816e+01 5.8381405433e+00
2.88444e+01 5.8600201926e+00
2.80179e+01 5.9255571704e+00
2.72029e+01 6.0345812280e+00
2.64008e+01 6.1868164855e+00
2.56125e+01 6.3818246740e+00
2.48395e+01 6.6189288683e+00
2.40832e+01 6.8971183166e+00
2.33452e+01 7.2149362058e+00
2.26274e+01 7.5703539971e+00
2.19317e+01 7.9606382554e+00
2.12603e+01 8.3822185504e+00
2.06155e+01 8.8305677236e+00
2.00000e+01 9.3001082120e+00
1.94165e+01 9.7841596893e+00
1.88680e+01 1.0274943507e+01
1.83576e+01 1.0763657829e+01
1.78885e+01 1.1240633634e+01
1.74642e+01 1.1695575937e+01
1.70880e+01 1.2117886867e+01
1.67631e+01 1.2497058488e+01
1.64924e+01 1.2823114333e+01
1.62788e+01 1.3087070857e+01
1.61245e+01 1.3281384629e+01
1.60312e+01 1.3400349105e+01
1.60000e+01 1.3440406835e+01
1.60312e+01 1.3400349105e+01
1.61245e+01 1.3281384629e+01
1.62788e+01 1.3087070857e+01
1.64924e+01 1.2823114333e+01
1.67631e+01 1.2497058488e+01
1.70880e+01 1.2117886867e+01
1.74642e+01 1.1695575937e+01
1.78885e+01 1.1240633634e+01
1.83576e+01 1.0763657829e+01
1.88680e+01 1.0274943507e+01
1.94165e+01 9.7841596893e+00
2.00000e+01 9.3001082120e+00
2.06155e+01 8.8305677236e+00
2.12603e+01 8.3822185504e+00
2.19317e+01 7.9606382554e+00
2.26274e+01 7.5703539971e+00
2.33452e+01 7.2149362058e+00
2.40832e+01 6.8971183166e+00
2.48395e+01 6.6189288683e+00
2.56125e+01 6.3818246740e+00
2.64008e+01 6.1868164855e+00
2.72029e+01 6.0345812280e+00
2.80179e+01 5.9255571704e+00
2.88444e+01 5.8600201926e+00
2.91548e+01 6.0369141442e+00
2.83019e+01 6.0610443477e+00
2.74591e+01 6.1333363435e+00
2.66271e+01 6.2536799692e+00
2.58070e+01 6.4219071101e+00
2.50000e+01 6.6377222798e+00
2.42074e+01 6.9006095259e+00
2.34307e+01 7.2097157969e+00
2.26716e+01 7.5637123827e+00
2.19317e+01 7.9606382554e+00
2.12132e+01 8.3977320314e+00
2.05183e+01 8.8712626778e+00
1.98494e+01 9.3763726425e+00
1.92094e+01 9.9069502932e+00
1.86011e+01 1.0455550776e+01
1.80278e+01 1.1013384960e+01
1.74929e+01 1.1570394408e+01
1.70000e+01 1.2115425898e+01
1.65529e+01 1.2636511830e+01
1.61555e+01 1.3121253328e+01
1.58114e+01 1.3557291743e+01
1.55242e+01 1.3932843043e+01
1.52971e+01 1.4237259599e+01
1.51327e+01 1.4461576956e+01
1.50333e+01 1.4599000443e+01
1.50000e+01 1.4645288910e+01
1.50333e+01 1.4599000443e+01
1.51327e+01 1.4461576956e+01
1.52971e+01 1.4237259599e+01
1.55242e+01 1.3932843043e+01
1.58114e+01 1.3557291743e+01
1.61555e+01 1.3121253328e+01
1.65529e+01 1.2636511830e+01
1.70000e+01 1.2115425898e+01
1.74929e+01 1.1570394408e+01
1.80278e+01 1.1013384960e+01
1.86011e+01 1.0455550776e+01
1.92094e+01 9.9069502932e+00
1.98494e+01 9.3763726425e+00
2.05183e+01 8.8712626778e+00
2.12132e+01 8.3977320314e+00
2.19317e+01 7.9606382554e+00
2.26716e+01 7.5637123827e+00
2.34307e+01 7.2097157969e+00
2.42074e+01 6.9006095259e+00
2.50000e+01 6.6377222798e+00
2.58070e+01 6.4219071101e+00
2.66271e+01 6.2536799692e+00
2.74591e+01 6.1333363435e+00
2.83019e+01 6.0610443477e+00
2.86531e+01 6.2475984284e+00
2.77849e+01 6.2741904461e+00
2.69258e+01 6.3538712698e+00
2.60768e+01 6.4866040147e+00
2.52389e+01 6.6723530477e+00
2.44131e+01 6.9109999949e+00
2.36008e+01 7.2022314273e+00
2.28035e+01 7.5453976932e+00
2.20227e+01 7.9393441238e+00
2.12603e+01 8.3822185504e+00
2.05183e+01 8.8712626778e+00
1.97990e+01 9.4025991626e+00
1.91050e+01 9.9710308043e+00
1.84391e+01 1.0569872460e+01
1.78045e+01 1.1190839324e+01
1.72047e+01 1.1824016207e+01
1.66433e+01 1.2457930613e+01
1.61245e+01 1.3079747182e+01
1.56525e+01 1.3675592346e+01
1.52315e+01 1.4231006277e+01
1.48661e+01 1.4731505451e+01
1.45602e+01 1.5163225049e+01
1.43178e+01 1.5513597915e+01
1.41421e+01 1.5772017877e+01
1.40357e+01 1.5930431738e+01
1.40000e+01 1.5983807002e+01
1.40357e+01 1.5930431738e+01
1.41421e+01 1.5772017877e+01
1.43178e+01 1.5513597915e+01
1.45602e+01 1.5163225049e+01
1.48661e+01 1.4731505451e+01
1.52315e+01 1.4231006277e+01
1.56525e+01 1.3675592346e+01
1.61245e+01 1.3079747182e+01
1.66433e+01 1.2457930613e+01
1.72047e+01 1.1824016207e+01
1.78045e+01 1.1190839324e+01
1.84391e+01 1.0569872460e+01
1.91050e+01 9.9710308043e+00
1.97990e+01 9.4025991626e+00
2.05183e+01 8.8712626778e+00
2.12603e+01 8.3822185504e+00
2.20227e+01 7.9393441238e+00
2.28035e+01 7.5453976932e+00
2.36008e+01 7.2022314273e+00
2.44131e+01 6.9109999949e+00
2.52389e+01 6.6723530477e+00
2.60768e+01 6.4866040147e+00
2.69258e+01 6.3538712698e+00
2.77849e+01 6.2741904461e+00
2.81780e+01 6.4673081580e+00
2.72947e+01 6.4965511995e+00
2.64197e+01 6.5841882303e+00
2.55539e+01 6.7302694541e+00
2.46982e+01 6.9349178595e+00
2.38537e+01 7.1982287299e+00
2.30217e+01 7.5201357462e+00
2.22036e+01 7.9002422542e+00
2.14009e+01 8.3376183499e+00
2.06155e+01 8.8305677236e+00
1.98494e+01 9.3763726425e+00
1.91050e+01 9.9710308043e+00
1.83848e+01 1.0609003548e+01
1.76918e+01 1.1283000291e+01
1.70294e+01 1.1983828066e+01
1.64012e+01 1.2700336593e+01
1.58114e+01 1.3419487373e+01
1.52643e+01 1.4126569182e+01
1.47648e+01 1.4805571850e+01
1.43178e+01 1.5439715879e+01
1.39284e+01 1.6012118555e+01
1.36015e+01 1.6506559828e+01
1.33417e+01 1.6908295628e+01
1.31529e+01 1.7204855213e+01
1.30384e+01 1.7386754508e+01
1.30000e+01 1.7448060686e+01
1.30384e+01 1.7386754508e+01
1.31529e+01 1.7204855213e+01
1.33417e+01 1.6908295628e+01
1.36015e+01 1.6506559828e+01
1.39284e+01 1.6012118555e+01
1.43178e+01 1.5439715879e+01
1.47648e+01 1.4805571850e+01
1.52643e+01 1.4126569182e+01
1.58114e+01 1.3419487373e+01
1.64012e+01 1.2700336593e+01
1.70294e+01 1.1983828066e+01
1.76918e+01 1.1283000291e+01
1.83848e+01 1.0609003548e+01
1.91050e+01 9.9710308043e+00
1.98494e+01 9.3763726425e+00
2.06155e+01 8.8305677236e+00
2.14009e+01 8.3376183499e+00
2.22036e+01 7.9002422542e+00
2.30217e+01 7.5201357462e+00
2.38537e+01 7.1982287299e+00
2.46982e+01 6.9349178595e+00
2.55539e+01 6.7302694541e+00
2.64197e+01 6.5841882303e+00
2.72947e+01 6.4965511995e+00
2.77308e+01 6.6928540967e+00
2.68328e+01 6.7249074512e+00
2.59422e+01 6.8209779941e+00
2.50599e+01 6.9812168176e+00
2.41868e+01 7.2059319344e+00
2.33238e+01 7.4954694303e+00
2.24722e+01 7.8500557542e+00
2.16333e+01 8.2695985640e+00
2.08087e+01 8.7534460023e+00
2.00000e+01 9.3001082120e+00
1.92094e+01 9.9069502932e+00
1.84391e+01 1.0569872460e+01
1.76918e+01 1.1283000291e+01
1.69706e+01 1.2038414712e+01
1.62788e+01 1.2825956534e+01
1.56205e+01 1.3633142571e+01
1.50000e+01 1.4445228396e+01
1.44222e+01 1.5245445683e+01
1.38924e+01 1.6015429600e+01
1.34164e+01 1.6735834504e+01
1.30000e+01 1.7387115716e+01
1.26491e+01 1.7950433928e+01
1.23693e+01 1.8408619782e+01
1.21655e+01 1.8747122397e+01
1.20416e+01 1.8954859835e+01
1.20000e+01 1.9024893225e+01
1.20416e+01 1.8954859835e+01
1.21655e+01 1.8747122397e+01
1.23693e+01 1.8408619782e+01
1.26491e+01 1.7950433928e+01
1.30000e+01 1.7387115716e+01
1.34164e+01 1.6735834504e+01
1.38924e+01 1.6015429600e+01
1.44222e+01 1.5245445683e+01
1.50000e+01 1.4445228396e+01
1.56205e+01 1.3633142571e+01
1.62788e+01 1.2825956534e+01
1.69706e+01 1.2038414712e+01
1.76918e+01 1.1283000291e+01
1.84391e+01 1.0569872460e+01
1.92094e+01 9.9069502932e+00
2.00000e+01 9.3001082120e+00
2.08087e+01 8.7534460023e+00
2.16333e+01 8.2695985640e+00
2.24722e+01 7.8500557542e+00
2.33238e+01 7.4954694303e+00
2.41868e+01 7.2059319344e+00
2.50599e+01 6.9812168176e+00
2.59422e+01 6.8209779941e+00
2.68328e+01 6.7249074512e+00
2.73130e+01 6.9207699062e+00
2.64008e+01 6.9557544203e+00
2.54951e+01 7.0606201414e+00
2.45967e+01 7.2356320725e+00
2.37065e+01 7.4813084676e+00
2.28254e+01 7.7982819309e+00
2.19545e+01 8.1871159176e+00
2.10950e+01 8.6480726343e+00
2.02485e+01 9.1808312127e+00
1.94165e+01 9.7841596893e+00
1.86011e+01 1.0455550776e+01
1.78045e+01 1.1190839324e+01
1.70294e+01 1.1983828066e+01
1.62788e+01 1.2825956534e+01
1.55563e+01 1.3706054556e+01
1.48661e+01 1.4610224751e+01
1.42127e+01 1.5521896435e+01
1.36015e+01 1.6422085216e+01
1.30384e+01 1.7289877876e+01
1.25300e+01 1.8103141697e+01
1.20830e+01 1.8839432928e+01
1.17047e+01 1.9477053625e+01
1.14018e+01 1.9996183121e+01
1.11803e+01 2.0379993711e+01
1.10454e+01 2.0615652937e+01
1.10000e+01 2.0695119136e+01
1.10454e+01 2.0615652937e+01
1.11803e+01 2.0379993711e+01
1.14018e+01 1.9996183121e+01
1.17047e+01 1.9477053625e+01
1.20830e+01 1.8839432928e+01
1.25300e+01 1.8103141697e+01
1.30384e+01 1.7289877876e+01
1.36015e+01 1.6422085216e+01
1.42127e+01 1.5521896435e+01
1.48661e+01 1.4610224751e+01
1.55563e+01 1.3706054556e+01
1.62788e+01 1.2825956534e+01
1.70294e+01 1.1983828066e+01
1.78045e+01 1.1190839324e+01
1.86011e+01 1.0455550776e+01
1.94165e+01 9.7841596893e+00
2.02485e+01 9.1808312127e+00
2.10950e+01 8.6480726343e+00
2.19545e+01 8.1871159176e+00
2.28254e+01 7.7982819309e+00
2.37065e+01 7.4813084676e+00
2.45967e+01 7.2356320725e+00
2.54951e+01 7.0606201414e+00
2.64008e+01 6.9557544203e+00
2.69258e+01 7.1473541473e+00
2.60000e+01 7.1853434910e+00
2.50799e+01 7.2992242578e+00
2.41661e+01 7.4893867394e+00
2.32594e+01 7.7565817931e+00
2.23607e+01 8.1017604709e+00
2.14709e+01 8.5258631400e+00
2.05913e+01 9.0295524193e+00
1.97231e+01 9.6128875788e+00
1.88680e+01 1.0274943507e+01
1.80278e+01 1.1013384960e+01
1.72047e+01 1.1824016207e+01
1.64012e+01 1.2700336593e+01
1.56205e+01 1.3633142571e+01
1.48661e+01 1.4610224751e+01
1.41421e+01 1.5616212457e+01
1.34536e+01 1.6632616293e+01
1.28062e+01 1.7638109972e+01
1.22066e+01 1.8609075664e+01
1.16619e+01 1.9520413131e+01
1.11803e+01 2.0346584145e+01
1.07703e+01 2.1062833518e+01
1.04403e+01 2.1646500823e+01
1.01980e+01 2.2078316945e+01
1.00499e+01 2.2343570846e+01
1.00000e+01 2.2433036772e+01
1.00499e+01 2.2343570846e+01
1.01980e+01 2.2078316945e+01
1.04403e+01 2.1646500823e+01
1.07703e+01 2.1062833518e+01
1.11803e+01 2.0346584145e+01
1.16619e+01 1.9520413131e+01
1.22066e+01 1.8609075664e+01
1.28062e+01 1.7638109972e+01
1.34536e+01 1.6632616293e+01
1.41421e+01 1.5616212457e+01
1.48661e+01 1.4610224751e+01
1.56205e+01 1.3633142571e+01
1.64012e+01 1.2700336593e+01
1.72047e+01 1.1824016207e+01
1.80278e+01 1.1013384960e+01
1.88680e+01 1.0274943507e+01
1.97231e+01 9.6128875788e+00
2.05913e+01 9.0295524193e+00
2.14709e+01 8.5258631400e+00
2.23607e+01 8.1017604709e+00
2.32594e+01 7.7565817931e+00
2.41661e+01 7.4893867394e+00
2.50799e+01 7.2992242578e+00
2.60000e+01 7.1853434910e+00
2.65707e+01 7.3687284854e+00
2.56320e+01 7.4097407613e+00
2.46982e+01 7.5326895593e+00
2.37697e+01 7.7380992761e+00
2.28473e+01 8.0269710894e+00
2.19317e+01 8.4006000943e+00
2.10238e+01 8.8603359824e+00
2.01246e+01 9.4072796735e+00
1.92354e+01 1.0041912123e+01
1.83576e+01 1.0763657829e+01
1.74929e+01 1.1570394408e+01
1.66433e+01 1.2457930613e+01
1.58114e+01 1.3419487373e+01
1.50000e+01 1.4445228396e+01
1.42127e+01 1.5521896435e+01
1.34536e+01 1.6632616293e+01
1.27279e+01 1.7756923753e+01
1.20416e+01 1.8871069189e+01
1.14018e+01 1.9948625194e+01
1.08167e+01 2.0961399790e+01
1.02956e+01 2.1880623464e+01
9.84886e+00 2.2678343049e+01
9.48683e+00 2.3328923641e+01
9.21954e+00 2.3810536303e+01
9.05539e+00 2.4106498877e+01
9.00000e+00 2.4206342604e+01
9.05539e+00 2.4106498877e+01
9.21954e+00 2.3810536303e+01
9.48683e+00 2.3328923641e+01
9.84886e+00 2.2678343049e+01
1.02956e+01 2.1880623464e+01
1.08167e+01 2.0961399790e+01
1.14018e+01 1.9948625194e+01
1.20416e+01 1.8871069189e+01
1.27279e+01 1.7756923753e+01
1.34536e+01 1.6632616293e+01
1.42127e+01 1.5521896435e+01
1.50000e+01 1.4445228396e+01
1.58114e+01 1.3419487373e+01
1.66433e+01 1.2457930613e+01
1.74929e+01 1.1570394408e+01
1.83576e+01 1.0763657829e+01
1.92354e+01 1.0041912123e+01
2.01246e+01 9.4072796735e+00
2.10238e+01 8.8603359824e+00
2.19317e+01 8.4006000943e+00
2.28473e+01 8.0269710894e+00
2.37697e+01 7.7380992761e+00
2.46982e+01 7.5326895593e+00
2.56320e+01 7.4097407613e+00
2.62488e+01 7.5809121955e+00
2.52982e+01 7.6249025370e+00
2.43516e+01 7.7567833868e+00
2.34094e+01 7.9772186093e+00
2.24722e+01 8.2874709929e+00
2.15407e+01 8.6891963929e+00
2.06155e+01 9.1841755664e+00
1.96977e+01 9.7739740088e+00
1.87883e+01 1.0459524422e+01
1.78885e+01 1.1240633634e+01
1.70000e+01 1.2115425898e+01
1.61245e+01 1.3079747182e+01
1.52643e+01 1.4126569182e+01
1.44222e+01 1.5245445683e+01
1.36015e+01 1.6422085216e+01
1.28062e+01 1.7638109972e+01
1.20416e+01 1.8871069189e+01
1.13137e+01 2.0094763660e+01
1.06301e+01 2.1279916008e+01
1.00000e+01 2.2395189845e+01
9.43398e+00 2.3408522713e+01
8.94427e+00 2.4288697383e+01
8.54400e+00 2.5007039384e+01
8.24621e+00 2.5539101596e+01
8.06226e+00 2.5866184507e+01
8.00000e+00 2.5976546666e+01
8.06226e+00 2.5866184507e+01
8.24621e+00 2.5539101596e+01
8.54400e+00 2.5007039384e+01
8.94427e+00 2.4288697383e+01
9.43398e+00 2.3408522713e+01
1.00000e+01 2.2395189845e+01
1.06301e+01 2.1279916008e+01
1.13137e+01 2.0094763660e+01
1.20416e+01 1.8871069189e+01
1.28062e+01 1.7638109972e+01
1.36015e+01 1.6422085216e+01
1.44222e+01 1.5245445683e+01
1.52643e+01 1.4126569182e+01
1.61245e+01 1.3079747182e+01
1.70000e+01 1.2115425898e+01
1.78885e+01 1.1240633634e+01
1.87883e+01 1.0459524422e+01
1.96977e+01 9.7739740088e+00
2.06155e+01 9.1841755664e+00
2.15407e+01 8.6891963929e+00
2.24722e+01 8.2874709929e+00
2.34094e+01 7.9772186093e+00
2.43516e+01 7.7567833868e+00
2.52982e+01 7.6249025370e+00
2.59615e+01 7.7799118479e+00
2.50000e+01 7.8267666896e+00
2.40416e+01 7.9672376107e+00
2.30868e+01 8.2021290550e+00
2.21359e+01 8.5329686738e+00
2.11896e+01 8.9617786014e+00
2.02485e+01 9.4907788206e+00
1.93132e+01 1.0122010705e+01
1.83848e+01 1.0856873669e+01
1.74642e+01 1.1695575937e+01
1.65529e+01 1.2636511830e+01
1.56525e+01 1.3675592346e+01
1.47648e+01 1.4805571850e+01
1.38924e+01 1.6015429600e+01
1.30384e+01 1.7289877876e+01
1.22066e+01 1.8609075664e+01
1.14018e+01 1.9948625194e+01
1.06301e+01 2.1279916008e+01
9.89949e+00 2.2570856654e+01
9.21954e+00 2.3786998743e+01
8.60233e+00 2.4893015052e+01
8.06226e+00 2.5854447812e+01
7.61577e+00 2.6639601737e+01
7.28011e+00 2.7221425633e+01
7.07107e+00 2.7579212373e+01
7.00000e+00 2.7699953507e+01
7.07107e+00 2.7579212373e+01
7.28011e+00 2.7221425633e+01
7.61577e+00 2.6639601737e+01
8.06226e+00 2.5854447812e+01
8.60233e+00 2.4893015052e+01
9.21954e+00 2.3786998743e+01
9.89949e+00 2.2570856654e+01
1.06301e+01 2.1279916008e+01
1.14018e+01 1.9948625194e+01
1.22066e+01 1.8609075664e+01
1.30384e+01 1.7289877876e+01
1.38924e+01 1.6015429600e+01
1.47648e+01 1.4805571850e+01
1.56525e+01 1.3675592346e+01
1.65529e+01 1.2636511830e+01
1.74642e+01 1.1695575937e+01
1.83848e+01 1.0856873669e+01
1.93132e+01 1.0122010705e+01
2.02485e+01 9.4907788206e+00
2.11896e+01 8.9617786014e+00
2.21359e+01 8.5329686738e+00
2.30868e+01 8.2021290550e+00
2.40416e+01 7.9672376107e+00
2.50000e+01 7.8267666896e+00
2.57099e+01 7.9618237052e+00
2.47386e+01 8.0113573928e+00
2.37697e+01 8.1598603891e+00
2.28035e+01 8.4082739639e+00
2.18403e+01 8.7583845666e+00
2.08806e+01 9.2125730775e+00
1.99249e+01 9.7734909398e+00
1.89737e+01 1.0443649008e+01
1.80278e+01 1.1224910313e+01
1.70880e+01 1.2117886867e+01
1.61555e+01 1.3121253328e+01
1.52315e+01 1.4231006277e+01
1.43178e+01 1.5439715879e+01
1.34164e+01 1.6735834504e+01
1.25300e+01 1.8103141697e+01
1.16619e+01 1.9520413131e+01
1.08167e+01 2.0961399790e+01
1.00000e+01 2.2395189845e+01
9.21954e+00 2.3786998743e+01
8.48528e+00 2.5099393893e+01
7.81025e+00 2.6293912592e+01
7.21110e+00 2.7332981194e+01
6.70820e+00 2.8181997187e+01
6.32456e+00 2.8811401528e+01
6.08276e+00 2.9198552726e+01
6.00000e+00 2.9329221175e+01
6.08276e+00 2.9198552726e+01
6.32456e+00 2.8811401528e+01
6.70820e+00 2.8181997187e+01
7.21110e+00 2.7332981194e+01
7.81025e+00 2.6293912592e+01
8.48528e+00 2.5099393893e+01
9.21954e+00 2.3786998743e+01
1.00000e+01 2.2395189845e+01
1.08167e+01 2.0961399790e+01
1.16619e+01 1.9520413131e+01
1.25300e+01 1.8103141697e+01
1.34164e+01 1.6735834504e+01
1.43178e+01 1.5439715879e+01
1.52315e+01 1.4231006277e+01
1.61555e+01 1.3121253328e+01
1.70880e+01 1.2117886867e+01
1.80278e+01 1.1224910313e+01
1.89737e+01 1.0443649008e+01
1.99249e+01 9.7734909398e+00
2.08806e+01 9.2125730775e+00
2.18403e+01 8.7583845666e+00
2.28035e+01 8.4082739639e+00
2.37697e+01 8.1598603891e+00
2.47386e+01 8.0113573928e+00
2.54951e+01 8.1229450094e+00
2.45153e+01 8.1748993222e+00
2.35372e+01 8.3306590932e+00
2.25610e+01 8.5912934374e+00
2.15870e+01 8.9588314337e+00
2.06155e+01 9.4359909624e+00
1.96469e+01 1.0025829746e+01
1.86815e+01 1.0731302260e+01
1.77200e+01 1.1554712018e+01
1.67631e+01 1.2497058488e+01
1.58114e+01 1.3557291743e+01
1.48661e+01 1.4731505451e+01
1.39284e+01 1.6012118555e+01
1.30000e+01 1.7387115716e+01
1.20830e+01 1.8839432928e+01
1.11803e+01 2.0346584145e+01
1.02956e+01 2.1880623464e+01
9.43398e+00 2.3408522713e+01
8.60233e+00 2.4893015052e+01
7.81025e+00 2.6293912592e+01
7.07107e+00 2.7569853905e+01
6.40312e+00 2.8680381866e+01
5.83095e+00 2.9588201528e+01
5.38516e+00 3.0261429952e+01
5.09902e+00 3.0675632441e+01
5.00000e+00 3.0815447045e+01
5.09902e+00 3.0675632441e+01
5.38516e+00 3.0261429952e+01
5.83095e+00 2.9588201528e+01
6.40312e+00 2.8680381866e+01
7.07107e+00 2.7569853905e+01
7.81025e+00 2.6293912592e+01
8.60233e+00 2.4893015052e+01
9.43398e+00 2.3408522713e+01
1.02956e+01 2.1880623464e+01
1.11803e+01 2.0346584145e+01
1.20830e+01 1.8839432928e+01
1.30000e+01 1.7387115716e+01
1.39284e+01 1.6012118555e+01
1.48661e+01 1.4731505451e+01
1.58114e+01 1.3557291743e+01
1.67631e+01 1.2497058488e+01
1.77200e+01 1.1554712018e+01
1.86815e+01 1.0731302260e+01
1.96469e+01 1.0025829746e+01
2.06155e+01 9.4359909624e+00
2.15870e+01 8.9588314337e+00
2.25610e+01 8.5912934374e+00
2.35372e+01 8.3306590932e+00
2.45153e+01 8.1748993222e+00
2.53180e+01 8.2598891160e+00
2.43311e+01 8.3139361157e+00
2.33452e+01 8.4759687053e+00
2.23607e+01 8.7471695902e+00
2.13776e+01 9.1297840377e+00
2.03961e+01 9.6268306850e+00
1.94165e+01 1.0241730538e+01
1.84391e+01 1.0977835837e+01
1.74642e+01 1.1837846752e+01
1.64924e+01 1.2823114333e+01
1.55242e+01 1.3932843043e+01
1.45602e+01 1.5163225049e+01
1.36015e+01 1.6506559828e+01
1.26491e+01 1.7950433928e+01
1.17047e+01 1.9477053625e+01
1.07703e+01 2.1062833518e+01
9.84886e+00 2.2678343049e+01
8.94427e+00 2.4288697383e+01
8.06226e+00 2.5854447812e+01
7.21110e+00 2.7332981194e+01
6.40312e+00 2.8680381866e+01
5.65685e+00 2.9853649821e+01
5.00000e+00 3.0813114216e+01
4.47214e+00 3.1524840462e+01
4.12311e+00 3.1962810195e+01
4.00000e+00 3.2110661229e+01
4.12311e+00 3.1962810195e+01
4.47214e+00 3.1524840462e+01
5.00000e+00 3.0813114216e+01
5.65685e+00 2.9853649821e+01
6.40312e+00 2.8680381866e+01
7.21110e+00 2.7332981194e+01
8.06226e+00 2.5854447812e+01
8.94427e+00 2.4288697383e+01
9.84886e+00 2.2678343049e+01
1.07703e+01 2.1062833518e+01
1.17047e+01 1.9477053625e+01
1.26491e+01 1.7950433928e+01
1.36015e+01 1.6506559828e+01
1.45602e+01 1.5163225049e+01
1.55242e+01 1.3932843043e+01
1.64924e+01 1.2823114333e+01
1.74642e+01 1.1837846752e+01
1.84391e+01 1.0977835837e+01
1.94165e+01 1.0241730538e+01
2.03961e+01 9.6268306850e+00
2.13776e+01 9.1297840377e+00
2.23607e+01 8.7471695902e+00
2.33452e+01 8.4759687053e+00
2.43311e+01 8.3139361157e+00
2.51794e+01 8.3696985070e+00
2.41868e+01 8.4254468973e+00
2.31948e+01 8.5925788218e+00
2.22036e+01 8.8723713463e+00
2.12132e+01 9.2672497395e+00
2.02237e+01 9.7804833682e+00
1.92354e+01 1.0415796543e+01
1.82483e+01 1.1176874302e+01
1.72627e+01 1.2066749778e+01
1.62788e+01 1.3087070857e+01
1.52971e+01 1.4237259599e+01
1.43178e+01 1.5513597915e+01
1.33417e+01 1.6908295628e+01
1.23693e+01 1.8408619782e+01
1.14018e+01 1.9996183121e+01
1.04403e+01 2.1646500823e+01
9.48683e+00 2.3328923641e+01
8.54400e+00 2.5007039384e+01
7.61577e+00 2.6639601737e+01
6.70820e+00 2.8181997187e+01
5.83095e+00 2.9588201528e+01
5.00000e+00 3.0813114216e+01
4.24264e+00 3.1815100830e+01
3.60555e+00 3.2558530551e+01
3.16228e+00 3.3016075352e+01
3.00000e+00 3.3170545720e+01
3.16228e+00 3.3016075352e+01
3.60555e+00 3.2558530551e+01
4.24264e+00 3.1815100830e+01
5.00000e+00 3.0813114216e+01
5.83095e+00 2.9588201528e+01
6.70820e+00 2.8181997187e+01
7.61577e+00 2.6639601737e+01
8.54400e+00 2.5007039384e+01
9.48683e+00 2.3328923641e+01
1.04403e+01 2.1646500823e+01
1.14018e+01 1.9996183121e+01
1.23693e+01 1.8408619782e+01
1.33417e+01 1.6908295628e+01
1.43178e+01 1.5513597915e+01
1.52971e+01 1.4237259599e+01
1.62788e+01 1.3087070857e+01
1.72627e+01 1.2066749778e+01
1.82483e+01 1.1176874302e+01
1.92354e+01 1.0415796543e+01
2.02237e+01 9.7804833682e+00
2.12132e+01 9.2672497395e+00
2.22036e+01 8.8723713463e+00
2.31948e+01 8.5925788218e+00
2.41868e+01 8.4254468973e+00
2.50799e+01 8.4499492175e+00
2.40832e+01 8.5069541315e+00
2.30868e+01 8.6778517216e+00
2.20907e+01 8.9639898612e+00
2.10950e+01 9.3679291238e+00
2.00998e+01 9.8931275227e+00
1.91050e+01 1.0543537819e+01
1.81108e+01 1.1323096104e+01
1.71172e+01 1.2235087284e+01
1.61245e+01 1.3281384629e+01
1.51327e+01 1.4461576956e+01
1.41421e+01 1.5772017877e+01
1.31529e+01 1.7204855213e+01
1.21655e+01 1.8747122397e+01
1.11803e+01 2.0379993711e+01
1.01980e+01 2.2078316945e+01
9.21954e+00 2.3810536303e+01
8.24621e+00 2.5539101596e+01
7.28011e+00 2.7221425633e+01
6.32456e+00 2.8811401528e+01
5.38516e+00 3.0261429952e+01
4.47214e+00 3.1524840462e+01
3.60555e+00 3.2558530551e+01
2.82843e+00 3.3325600853e+01
2.23607e+00 3.3797743695e+01
2.00000e+00 3.3957150636e+01
2.23607e+00 3.3797743695e+01
2.82843e+00 3.3325600853e+01
3.60555e+00 3.2558530551e+01
4.47214e+00 3.1524840462e+01
5.38516e+00 3.0261429952e+01
6.32456e+00 2.8811401528e+01
7.28011e+00 2.7221425633e+01
8.24621e+00 2.5539101596e+01
9.21954e+00 2.3810536303e+01
1.01980e+01 2.2078316945e+01
1.11803e+01 2.0379993711e+01
1.21655e+01 1.8747122397e+01
1.31529e+01 1.7204855213e+01
1.41421e+01 1.5772017877e+01
1.51327e+01 1.4461576956e+01
1.61245e+01 1.3281384629e+01
1.71172e+01 1.2235087284e+01
1.81108e+01 1.1323096104e+01
1.91050e+01 1.0543537819e+01
2.00998e+01 9.8931275227e+00
2.10950e+01 9.3679291238e+00
2.20907e+01 8.9639898612e+00
2.30868e+01 8.6778517216e+00
2.40832e+01 8.5069541315e+00
2.50200e+01 8.4988402493e+00
2.40208e+01 8.5566160933e+00
2.30217e+01 8.7298239362e+00
2.20227e+01 9.0198555548e+00
2.10238e+01 9.4293555132e+00
2.00250e+01 9.9618989993e+00
1.90263e+01 1.0621580774e+01
1.80278e+01 1.1412493132e+01
1.70294e+01 1.2338077877e+01
1.60312e+01 1.3400349105e+01
1.50333e+01 1.4599000443e+01
1.40357e+01 1.5930431738e+01
1.30384e+01 1.7386754508e+01
1.20416e+01 1.8954859835e+01
1.10454e+01 2.0615652937e+01
1.00499e+01 2.2343570846e+01
9.05539e+00 2.4106498877e+01
8.06226e+00 2.5866184507e+01
7.07107e+00 2.7579212373e+01
6.08276e+00 2.9198552726e+01
5.09902e+00 3.0675632441e+01
4.12311e+00 3.1962810195e+01
3.16228e+00 3.3016075352e+01
2.23607e+00 3.3797743695e+01
1.41421e+00 3.4278901367e+01
1.00000e+00 3.4441356918e+01
1.41421e+00 3.4278901367e+01
2.23607e+00 3.3797743695e+01
3.16228e+00 3.3016075352e+01
4.12311e+00 3.1962810195e+01
5.09902e+00 3.0675632441e+01
6.08276e+00 2.9198552726e+01
7.07107e+00 2.7579212373e+01
8.06226e+00 2.5866184507e+01
9.05539e+00 2.4106498877e+01
1.00499e+01 2.2343570846e+01
1.10454e+01 2.0615652937e+01
1.20416e+01 1.8954859835e+01
1.30384e+01 1.7386754508e+01
1.40357e+01 1.5930431738e+01
1.50333e+01 1.4599000443e+01
1.60312e+01 1.3400349105e+01
1.70294e+01 1.2338077877e+01
1.80278e+01 1.1412493132e+01
1.90263e+01 1.0621580774e+01
2.00250e+01 9.9618989993e+00
2.10238e+01 9.4293555132e+00
2.20227e+01 9.0198555548e+00
2.30217e+01 8.7298239362e+00
2.40208e+01 8.5566160933e+00
2.50000e+01 8.5152621669e+00
2.40000e+01 8.5732978768e+00
2.30000e+01 8.7472844379e+00
2.20000e+01 9.0386285035e+00
2.10000e+01 9.4500031148e+00
2.00000e+01 9.9850231993e+00
1.90000e+01 1.0647831694e+01
1.80000e+01 1.1442573915e+01
1.70000e+01 1.2372744963e+01
1.60000e+01 1.3440406835e+01
1.50000e+01 1.4645288910e+01
1.40000e+01 1.5983807002e+01
1.30000e+01 1.7448060686e+01
1.20000e+01 1.9024893225e+01
1.10000e+01 2.0695119136e+01
1.00000e+01 2.2433036772e+01
9.00000e+00 2.4206342604e+01
8.00000e+00 2.5976546666e+01
7.00000e+00 2.7699953507e+01
6.00000e+00 2.9329221175e+01
5.00000e+00 3.0815447045e+01
4.00000e+00 3.2110661229e+01
3.00000e+00 3.3170545720e+01
2.00000e+00 3.3957150636e+01
1.00000e+00 3.4441356918e+01
0.00000e+00 3.4604843455e+01
1.00000e+00 3.4441356918e+01
2.00000e+00 3.3957150636e+01
3.00000e+00 3.3170545720e+01
4.00000e+00 3.2110661229e+01
5.00000e+00 3.0815447045e+01
6.00000e+00 2.9329221175e+01
7.00000e+00 2.7699953507e+01
8.00000e+00 2.5976546666e+01
9.00000e+00 2.4206342604e+01
1.00000e+01 2.2433036772e+01
1.10000e+01 2.0695119136e+01
1.20000e+01 1.9024893225e+01
1.30000e+01 1.7448060686e+01
1.40000e+01 1.5983807002e+01
1.50000e+01 1.4645288910e+01
1.60000e+01 1.3440406835e+01
1.70000e+01 1.2372744963e+01
1.80000e+01 1.1442573915e+01
1.90000e+01 1.0647831694e+01
2.00000e+01 9.9850231993e+00
2.10000e+01 9.4500031148e+00
2.20000e+01 9.0386285035e+00
2.30000e+01 8.7472844379e+00
2.40000e+01 8.5732978768e+00
2.50200e+01 8.4988402493e+00
2.40208e+01 8.5566160933e+00
2.30217e+01 8.7298239362e+00
2.20227e+01 9.0198555548e+00
2.10238e+01 9.4293555132e+00
2.00250e+01 9.9618989993e+00
1.90263e+01 1.0621580774e+01
1.80278e+01 1.1412493132e+01
1.70294e+01 1.2338077877e+01
1.60312e+01 1.3400349105e+01
1.50333e+01 1.4599000443e+01
1.40357e+01 1.5930431738e+01
1.30384e+01 1.7386754508e+01
1.20416e+01 1.8954859835e+01
1.10454e+01 2.0615652937e+01
1.00499e+01 2.2343570846e+01
9.05539e+00 2.4106498877e+01
8.06226e+00 2.5866184507e+01
7.07107e+00 2.7579212373e+01
6.08276e+00 2.9198552726e+01
5.09902e+00 3.0675632441e+01
4.12311e+00 3.1962810195e+01
3.16228e+00 3.3016075352e+01
2.23607e+00 3.3797743695e+01
1.41421e+00 3.4278901367e+01
1.00000e+00 3.4441356918e+01
1.41421e+00 3.4278901367e+01
2.23607e+00 3.3797743695e+01
3.16228e+00 3.3016075352e+01
4.12311e+00 3.1962810195e+01
5.09902e+00 3.0675632441e+01
6.08276e+00 2.9198552726e+01
7.07107e+00 2.7579212373e+01
8.06226e+00 2.5866184507e+01
9.05539e+00 2.4106498877e+01
1.00499e+01 2.2343570846e+01
1.10454e+01 2.0615652937e+01
1.20416e+01 1.8954859835e+01
1.30384e+01 1.7386754508e+01
1.40357e+01 1.5930431738e+01
1.50333e+01 1.4599000443e+01
1.60312e+01 1.3400349105e+01
1.70294e+01 1.2338077877e+01
1.80278e+01 1.1412493132e+01
1.90263e+01 1.0621580774e+01
2.00250e+01 9.9618989993e+00
2.10238e+01 9.4293555132e+00
2.20227e+01 9.0198555548e+00
2.30217e+01 8.7298239362e+00
2.40208e+01 8.5566160933e+00
2.50799e+01 8.4499492175e+00
2.40832e+01 8.5069541315e+00
2.30868e+01 8.6778517216e+00
2.20907e+01 8.9639898612e+00
2.10950e+01 9.3679291238e+00
2.00998e+01 9.8931275227e+00
1.91050e+01 1.0543537819e+01
1.81108e+01 1.1323096104e+01
1.71172e+01 1.2235087284e+01
1.61245e+01 1.3281384629e+01
1.51327e+01 1.4461576956e+01
1.41421e+01 1.5772017877e+01
1.31529e+01 1.7204855213e+01
1.21655e+01 1.8747122397e+01
1.11803e+01 2.0379993711e+01
1.01980e+01 2.2078316945e+01
9.21954e+00 2.3810536303e+01
8.24621e+00 2.5539101596e+01
7.28011e+00 2.7221425633e+01
6.32456e+00 2.8811401528e+01
5.38516e+00 3.0261429952e+01
4.47214e+00 3.1524840462e+01
3.60555e+00 3.2558530551e+01
2.82843e+00 3.3325600853e+01
2.23607e+00 3.3797743695e+01
2.00000e+00 3.3957150636e+01
2.23607e+00 3.3797743695e+01
2.82843e+00 3.3325600853e+01
3.60555e+00 3.2558530551e+01
4.47214e+00 3.1524840462e+01
5.38516e+00 3.0261429952e+01
6.32456e+00 2.8811401528e+01
7.28011e+00 2.7221425633e+01
8.24621e+00 2.5539101596e+01
9.21954e+00 2.3810536303e+01
1.01980e+01 2.2078316945e+01
1.11803e+01 2.0379993711e+01
1.21655e+01 1.8747122397e+01
1.31529e+01 1.7204855213e+01
1.41421e+01 1.5772017877e+01
1.51327e+01 1.4461576956e+01
1.61245e+01 1.3281384629e+01
1.71172e+01 1.2235087284e+01
1.81108e+01 1.1323096104e+01
1.91050e+01 1.0543537819e+01
2.00998e+01 9.8931275227e+00
2.10950e+01 9.3679291238e+00
2.20907e+01 8.9639898612e+00
2.30868e+01 8.6778517216e+00
2.40832e+01 8.5069541315e+00
2.51794e+01 8.3696985070e+00
2.41868e+01 8.4254468973e+00
2.31948e+01 8.5925788218e+00
2.22036e+01 8.8723713463e+00
2.12132e+01 9.2672497395e+00
2.02237e+01 9.7804833682e+00
1.92354e+01 1.0415796543e+01
1.82483e+01 1.1176874302e+01
1.72627e+01 1.2066749778e+01
1.62788e+01 1.3087070857e+01
1.52971e+01 1.4237259599e+01
1.43178e+01 1.5513597915e+01
1.33417e+01 1.6908295628e+01
1.23693e+01 1.8408619782e+01
1.14018e+01 1.9996183121e+01
1.04403e+01 2.1646500823e+01
9.48683e+00 2.3328923641e+01
8.54400e+00 2.5007039384e+01
7.61577e+00 2.6639601737e+01
6.70820e+00 2.8181997187e+01
5.83095e+00 2.9588201528e+01
5.00000e+00 3.0813114216e+01
4.24264e+00 3.1815100830e+01
3.60555e+00 3.2558530551e+01
3.16228e+00 3.3016075352e+01
3.00000e+00 3.3170545720e+01
3.16228e+00 3.3016075352e+01
3.60555e+00 3.2558530551e+01
4.24264e+00 3.1815100830e+01
5.00000e+00 3.0813114216e+01
5.83095e+00 2.9588201528e+01
6.70820e+00 2.8181997187e+01
7.61577e+00 2.6639601737e+01
8.54400e+00 2.5007039384e+01
9.48683e+00 2.3328923641e+01
1.04403e+01 2.1646500823e+01
1.14018e+01 1.9996183121e+01
1.23693e+01 1.8408619782e+01
1.33417e+01 1.6908295628e+01
1.43178e+01 1.5513597915e+01
1.52971e+01 1.4237259599e+01
1.62788e+01 1.3087070857e+01
1.72627e+01 1.2066749778e+01
1.82483e+01 1.1176874302e+01
1.92354e+01 1.0415796543e+01
2.02237e+01 9.7804833682e+00
2.12132e+01 9.2672497395e+00
2.22036e+01 8.8723713463e+00
2.31948e+01 8.5925788218e+00
2.41868e+01 8.4254468973e+00
2.53180e+01 8.2598891160e+00
2.43311e+01 8.3139361157e+00
2.33452e+01 8.4759687053e+00
2.23607e+01 8.7471695902e+00
2.13776e+01 9.1297840377e+00
2.03961e+01 9.6268306850e+00
1.94165e+01 1.0241730538e+01
1.84391e+01 1.0977835837e+01
1.74642e+01 1.1837846752e+01
1.64924e+01 1.2823114333e+01
1.55242e+01 1.3932843043e+01
1.45602e+01 1.5163225049e+01
1.36015e+01 1.6506559828e+01
1.26491e+01 1.7950433928e+01
1.17047e+01 1.9477053625e+01
1.07703e+01 2.1062833518e+01
9.84886e+00 2.2678343049e+01
8.94427e+00 2.4288697383e+01
8.06226e+00 2.5854447812e+01
7.21110e+00 2.7332981194e+01
6.40312e+00 2.8680381866e+01
5.65685e+00 2.9853649821e+01
5.00000e+00 3.0813114216e+01
4.47214e+00 3.1524840462e+01
4.12311e+00 3.1962810195e+01
4.00000e+00 3.2110661229e+01
4.12311e+00 3.1962810195e+01
4.47214e+00 3.1524840462e+01
5.00000e+00 3.0813114216e+01
5.65685e+00 2.9853649821e+01
6.40312e+00 2.8680381866e+01
7.21110e+00 2.7332981194e+01
8.06226e+00 2.5854447812e+01
8.94427e+00 2.4288697383e+01
9.84886e+00 2.2678343049e+01
1.07703e+01 2.1062833518e+01
1.17047e+01 1.9477053625e+01
1.26491e+01 1.7950433928e+01
1.36015e+01 1.6506559828e+01
1.45602e+01 1.5163225049e+01
1.55242e+01 1.3932843043e+01
1.64924e+01 1.2823114333e+01
1.74642e+01 1.1837846752e+01
1.84391e+01 1.0977835837e+01
1.94165e+01 1.0241730538e+01
2.03961e+01 9.6268306850e+00
2.13776e+01 9.1297840377e+00
2.23607e+01 8.7471695902e+00
2.33452e+01 8.4759687053e+00
2.43311e+01 8.3139361157e+00
2.54951e+01 8.1229450094e+00
2.45153e+01 8.1748993222e+00
2.35372e+01 8.3306590932e+00
2.25610e+01 8.5912934374e+00
2.15870e+01 8.9588314337e+00
2.06155e+01 9.4359909624e+00
1.96469e+01 1.0025829746e+01
1.86815e+01 1.0731302260e+01
1.77200e+01 1.1554712018e+01
1.67631e+01 1.2497058488e+01
1.58114e+01 1.3557291743e+01
1.48661e+01 1.4731505451e+01
1.39284e+01 1.6012118555e+01
1.30000e+01 1.7387115716e+01
1.20830e+01 1.8839432928e+01
1.11803e+01 2.0346584145e+01
1.02956e+01 2.1880623464e+01
9.43398e+00 2.3408522713e+01
8.60233e+00 2.4893015052e+01
7.81025e+00 2.6293912592e+01
7.07107e+00 2.7569853905e+01
6.40312e+00 2.8680381866e+01
5.83095e+00 2.9588201528e+01
5.38516e+00 3.0261429952e+01
5.09902e+00 3.0675632441e+01
5.00000e+00 3.0815447045e+01
5.09902e+00 3.0675632441e+01
5.38516e+00 3.0261429952e+01
5.83095e+00 2.9588201528e+01
6.40312e+00 2.8680381866e+01
7.07107e+00 2.7569853905e+01
7.81025e+00 2.6293912592e+01
8.60233e+00 2.4893015052e+01
9.43398e+00 2.3408522713e+01
1.02956e+01 2.1880623464e+01
1.11803e+01 2.0346584145e+01
1.20830e+01 1.8839432928e+01
1.30000e+01 1.7387115716e+01
1.39284e+01 1.6012118555e+01
1.48661e+01 1.4731505451e+01
1.58114e+01 1.3557291743e+01
1.67631e+01 1.2497058488e+01
1.77200e+01 1.1554712018e+01
1.86815e+01 1.0731302260e+01
1.96469e+01 1.0025829746e+01
2.06155e+01 9.4359909624e+00
2.15870e+01 8.9588314337e+00
2.25610e+01 8.5912934374e+00
2.35372e+01 8.3306590932e+00
2.45153e+01 8.1748993222e+00
2.57099e+01 7.9618237052e+00
2.47386e+01 8.0113573928e+00
2.37697e+01 8.1598603891e+00
2.28035e+01 8.4082739639e+00
2.18403e+01 8.7583845666e+00
2.08806e+01 9.2125730775e+00
1.99249e+01 9.7734909398e+00
1.89737e+01 1.0443649008e+01
1.80278e+01 1.1224910313e+01
1.70880e+01 1.2117886867e+01
1.61555e+01 1.3121253328e+01
1.52315e+01 1.4231006277e+01
1.43178e+01 1.5439715879e+01
1.34164e+01 1.6735834504e+01
1.25300e+01 1.8103141697e+01
1.16619e+01 1.9520413131e+01
1.08167e+01 2.0961399790e+01
1.00000e+01 2.2395189845e+01
9.21954e+00 2.3786998743e+01
8.48528e+00 2.5099393893e+01
7.81025e+00 2.6293912592e+01
7.21110e+00 2.7332981194e+01
6.70820e+00 2.8181997187e+01
6.32456e+00 2.8811401528e+01
6.08276e+00 2.9198552726e+01
6.00000e+00 2.9329221175e+01
6.08276e+00 2.9198552726e+01
6.32456e+00 2.8811401528e+01
6.70820e+00 2.8181997187e+01
7.21110e+00 2.7332981194e+01
7.81025e+00 2.6293912592e+01
8.48528e+00 2.5099393893e+01
9.21954e+00 2.3786998743e+01
1.00000e+01 2.2395189845e+01
1.08167e+01 2.0961399790e+01
1.16619e+01 1.9520413131e+01
1.25300e+01 1.8103141697e+01
1.34164e+01 1.6735834504e+01
1.43178e+01 1.5439715879e+01
1.52315e+01 1.4231006277e+01
1.61555e+01 1.3121253328e+01
1.70880e+01 1.2117886867e+01
1.80278e+01 1.1224910313e+01
1.89737e+01 1.0443649008e+01
1.99249e+01 9.7734909398e+00
2.08806e+01 9.2125730775e+00
2.18403e+01 8.7583845666e+00
2.28035e+01 8.4082739639e+00
2.37697e+01 8.1598603891e+00
2.47386e+01 8.0113573928e+00
2.59615e+01 7.7799118479e+00
2.50000e+01 7.8267666896e+00
2.40416e+01 7.9672376107e+00
2.30868e+01 8.2021290550e+00
2.21359e+01 8.5329686738e+00
2.11896e+01 8.9617786014e+00
2.02485e+01 9.4907788206e+00
1.93132e+01 1.0122010705e+01
1.83848e+01 1.0856873669e+01
1.74642e+01 1.1695575937e+01
1.65529e+01 1.2636511830e+01
1.56525e+01 1.3675592346e+01
1.47648e+01 1.4805571850e+01
1.38924e+01 1.6015429600e+01
1.30384e+01 1.7289877876e+01
1.22066e+01 1.8609075664e+01
1.14018e+01 1.9948625194e+01
1.06301e+01 2.1279916008e+01
9.89949e+00 2.2570856654e+01
9.21954e+00 2.3786998743e+01
8.60233e+00 2.4893015052e+01
8.06226e+00 2.5854447812e+01
7.61577e+00 2.6639601737e+01
7.28011e+00 2.7221425633e+01
7.07107e+00 2.7579212373e+01
7.00000e+00 2.7699953507e+01
7.07107e+00 2.7579212373e+01
7.28011e+00 2.7221425633e+01
7.61577e+00 2.6639601737e+01
8.06226e+00 2.5854447812e+01
8.60233e+00 2.4893015052e+01
9.21954e+00 2.3786998743e+01
9.89949e+00 2.2570856654e+01
1.06301e+01 2.1279916008e+01
1.14018e+01 1.9948625194e+01
1.22066e+01 1.8609075664e+01
1.30384e+01 1.7289877876e+01
1.38924e+01 1.6015429600e+01
1.47648e+01 1.4805571850e+01
1.56525e+01 1.3675592346e+01
1.65529e+01 1.2636511830e+01
1.74642e+01 1.1695575937e+01
1.83848e+01 1.0856873669e+01
1.93132e+01 1.0122010705e+01
2.02485e+01 9.4907788206e+00
2.11896e+01 8.9617786014e+00
2.21359e+01 8.5329686738e+00
2.30868e+01 8.2021290550e+00
2.40416e+01 7.9672376107e+00
2.50000e+01 7.8267666896e+00
2.62488e+01 7.5809121955e+00
2.52982e+01 7.6249025370e+00
2.43516e+01 7.7567833868e+00
2.34094e+01 7.9772186093e+00
2.24722e+01 8.2874709929e+00
2.15407e+01 8.6891963929e+00
2.06155e+01 9.1841755664e+00
1.96977e+01 9.7739740088e+00
1.87883e+01 1.0459524422e+01
1.78885e+01 1.1240633634e+01
1.70000e+01 1.2115425898e+01
1.61245e+01 1.3079747182e+01
1.52643e+01 1.4126569182e+01
1.44222e+01 1.5245445683e+01
1.36015e+01 1.6422085216e+01
1.28062e+01 1.7638109972e+01
1.20416e+01 1.8871069189e+01
1.13137e+01 2.0094763660e+01
1.06301e+01 2.1279916008e+01
1.00000e+01 2.2395189845e+01
9.43398e+00 2.3408522713e+01
8.94427e+00 2.4288697383e+01
8.54400e+00 2.5007039384e+01
8.24621e+00 2.5539101596e+01
8.06226e+00 2.5866184507e+01
8.00000e+00 2.5976546666e+01
8.06226e+00 2.5866184507e+01
8.24621e+00 2.5539101596e+01
8.54400e+00 2.5007039384e+01
8.94427e+00 2.4288697383e+01
9.43398e+00 2.3408522713e+01
1.00000e+01 2.2395189845e+01
1.06301e+01 2.1279916008e+01
1.13137e+01 2.0094763660e+01
1.20416e+01 1.8871069189e+01
1.28062e+01 1.7638109972e+01
1.36015e+01 1.6422085216e+01
1.44222e+01 1.5245445683e+01
1.52643e+01 1.4126569182e+01
1.61245e+01 1.3079747182e+01
1.70000e+01 1.2115425898e+01
1.78885e+01 1.1240633634e+01
1.87883e+01 1.0459524422e+01
1.96977e+01 9.7739740088e+00
2.06155e+01 9.1841755664e+00
2.15407e+01 8.6891963929e+00
2.24722e+01 8.2874709929e+00
2.34094e+01 7.9772186093e+00
2.43516e+01 7.7567833868e+00
2.52982e+01 7.6249025370e+00
2.65707e+01 7.3687284854e+00
2.56320e+01 7.4097407613e+00
2.46982e+01 7.5326895593e+00
2.37697e+01 7.7380992761e+00
2.28473e+01 8.0269710894e+00
2.19317e+01 8.4006000943e+00
2.10238e+01 8.8603359824e+00
2.01246e+01 9.4072796735e+00
1.92354e+01 1.0041912123e+01
1.83576e+01 1.0763657829e+01
1.74929e+01 1.1570394408e+01
1.66433e+01 1.2457930613e+01
1.58114e+01 1.3419487373e+01
1.50000e+01 1.4445228396e+01
1.42127e+01 1.5521896435e+01
1.34536e+01 1.6632616293e+01
1.27279e+01 1.7756923753e+01
1.20416e+01 1.8871069189e+01
1.14018e+01 1.9948625194e+01
1.08167e+01 2.0961399790e+01
1.02956e+01 2.1880623464e+01
9.84886e+00 2.2678343049e+01
9.48683e+00 2.3328923641e+01
9.21954e+00 2.3810536303e+01
9.05539e+00 2.4106498877e+01
9.00000e+00 2.4206342604e+01
9.05539e+00 2.4106498877e+01
9.21954e+00 2.3810536303e+01
9.48683e+00 2.3328923641e+01
9.84886e+00 2.2678343049e+01
1.02956e+01 2.1880623464e+01
1.08167e+01 2.0961399790e+01
1.14018e+01 1.9948625194e+01
1.20416e+01 1.8871069189e+01
1.27279e+01 1.7756923753e+01
1.34536e+01 1.6632616293e+01
1.42127e+01 1.5521896435e+01
1.50000e+01 1.4445228396e+01
1.58114e+01 1.3419487373e+01
1.66433e+01 1.2457930613e+01
1.74929e+01 1.1570394408e+01
1.83576e+01 1.0763657829e+01
1.92354e+01 1.0041912123e+01
2.01246e+01 9.4072796735e+00
2.10238e+01 8.8603359824e+00
2.19317e+01 8.4006000943e+00
2.28473e+01 8.0269710894e+00
2.37697e+01 7.7380992761e+00
2.46982e+01 7.5326895593e+00
2.56320e+01 7.4097407613e+00
2.69258e+01 7.1473541473e+00
2.60000e+01 7.1853434910e+00
2.50799e+01 7.2992242578e+00
2.41661e+01 7.4893867394e+00
2.32594e+01 7.7565817931e+00
2.23607e+01 8.1017604709e+00
2.14709e+01 8.5258631400e+00
2.05913e+01 9.0295524193e+00
1.97231e+01 9.6128875788e+00
1.88680e+01 1.0274943507e+01
1.80278e+01 1.1013384960e+01
1.72047e+01 1.1824016207e+01
1.64012e+01 1.2700336593e+01
1.56205e+01 1.3633142571e+01
1.48661e+01 1.4610224751e+01
1.41421e+01 1.5616212457e+01
1.34536e+01 1.6632616293e+01
1.28062e+01 1.7638109972e+01
1.22066e+01 1.8609075664e+01
1.16619e+01 1.9520413131e+01
1.11803e+01 2.0346584145e+01
1.07703e+01 2.1062833518e+01
1.04403e+01 2.1646500823e+01
1.01980e+01 2.2078316945e+01
1.00499e+01 2.2343570846e+01
1.00000e+01 2.2433036772e+01
1.00499e+01 2.2343570846e+01
1.01980e+01 2.2078316945e+01
1.04403e+01 2.1646500823e+01
1.07703e+01 2.1062833518e+01
1.11803e+01 2.0346584145e+01
1.16619e+01 1.9520413131e+01
1.22066e+01 1.8609075664e+01
1.28062e+01 1.7638109972e+01
1.34536e+01 1.6632616293e+01
1.41421e+01 1.5616212457e+01
1.48661e+01 1.4610224751e+01
1.56205e+01 1.3633142571e+01
1.64012e+01 1.2700336593e+01
1.72047e+01 1.1824016207e+01
1.80278e+01 1.1013384960e+01
1.88680e+01 1.0274943507e+01
1.97231e+01 9.6128875788e+00
2.05913e+01 9.0295524193e+00
2.14709e+01 8.5258631400e+00
2.23607e+01 8.1017604709e+00
2.32594e+01 7.7565817931e+00
2.41661e+01 7.4893867394e+00
2.50799e+01 7.2992242578e+00
2.60000e+01 7.1853434910e+00
2.73130e+01 6.9207699062e+00
2.64008e+01 6.9557544203e+00
2.54951e+01 7.0606201414e+00
2.45967e+01 7.2356320725e+00
2.37065e+01 7.4813084676e+00
2.28254e+01 7.7982819309e+00
2.19545e+01 8.1871159176e+00
2.10950e+01 8.6480726343e+00
2.02485e+01 9.1808312127e+00
1.94165e+01 9.7841596893e+00
1.86011e+01 1.0455550776e+01
1.78045e+01 1.1190839324e+01
1.70294e+01 1.1983828066e+01
1.62788e+01 1.2825956534e+01
1.55563e+01 1.3706054556e+01
1.48661e+01 1.4610224751e+01
1.42127e+01 1.5521896435e+01
1.36015e+01 1.6422085216e+01
1.30384e+01 1.7289877876e+01
1.25300e+01 1.8103141697e+01
1.20830e+01 1.8839432928e+01
1.17047e+01 1.9477053625e+01
1.14018e+01 1.9996183121e+01
1.11803e+01 2.0379993711e+01
1.10454e+01 2.0615652937e+01
1.10000e+01 2.0695119136e+01
1.10454e+01 2.0615652937e+01
1.11803e+01 2.0379993711e+01
1.14018e+01 1.9996183121e+01
1.17047e+01 1.9477053625e+01
1.20830e+01 1.8839432928e+01
1.25300e+01 1.8103141697e+01
1.30384e+01 1.7289877876e+01
1.36015e+01 1.6422085216e+01
1.42127e+01 1.5521896435e+01
1.48661e+01 1.4610224751e+01
1.55563e+01 1.3706054556e+01
1.62788e+01 1.2825956534e+01
1.70294e+01 1.1983828066e+01
1.78045e+01 1.1190839324e+01
1.86011e+01 1.0455550776e+01
1.94165e+01 9.7841596893e+00
2.02485e+01 9.1808312127e+00
2.10950e+01 8.6480726343e+00
2.19545e+01 8.1871159176e+00
2.28254e+01 7.7982819309e+00
2.37065e+01 7.4813084676e+00
2.45967e+01 7.2356320725e+00
2.54951e+01 7.0606201414e+00
2.64008e+01 6.9557544203e+00
2.77308e+01 6.6928540967e+00
2.68328e+01 6.7249074512e+00
2.59422e+01 6.8209779941e+00
2.50599e+01 6.9812168176e+00
2.41868e+01 7.2059319344e+00
2.33238e+01 7.4954694303e+00
2.24722e+01 7.8500557542e+00
2.16333e+01 8.2695985640e+00
2.08087e+01 8.7534460023e+00
2.00000e+01 9.3001082120e+00
1.92094e+01 9.9069502932e+00
1.84391e+01 1.0569872460e+01
1.76918e+01 1.1283000291e+01
1.69706e+01 1.2038414712e+01
1.62788e+01 1.2825956534e+01
1.56205e+01 1.3633142571e+01
1.50000e+01 1.4445228396e+01
1.44222e+01 1.5245445683e+01
1.38924e+01 1.6015429600e+01
1.34164e+01 1.6735834504e+01
1.30000e+01 1.7387115716e+01
1.26491e+01 1.7950433928e+01
1.23693e+01 1.8408619782e+01
1.21655e+01 1.8747122397e+01
1.20416e+01 1.8954859835e+01
1.20000e+01 1.9024893225e+01
1.20416e+01 1.8954859835e+01
1.21655e+01 1.8747122397e+01
1.23693e+01 1.8408619782e+01
1.26491e+01 1.7950433928e+01
1.30000e+01 1.7387115716e+01
1.34164e+01 1.6735834504e+01
1.38924e+01 1.6015429600e+01
1.44222e+01 1.5245445683e+01
1.50000e+01 1.4445228396e+01
1.56205e+01 1.3633142571e+01
1.62788e+01 1.2825956534e+01
1.69706e+01 1.2038414712e+01
1.76918e+01 1.1283000291e+01
1.84391e+01 1.0569872460e+01
1.92094e+01 9.9069502932e+00
2.00000e+01 9.3001082120e+00
2.08087e+01 8.7534460023e+00
2.16333e+01 8.2695985640e+00
2.24722e+01 7.8500557542e+00
2.33238e+01 7.4954694303e+00
2.41868e+01 7.2059319344e+00
2.50599e+01 6.9812168176e+00
2.59422e+01 6.8209779941e+00
2.68328e+01 6.7249074512e+00
2.81780e+01 6.4673081580e+00
2.72947e+01 6.4965511995e+00
2.64197e+01 6.5841882303e+00
2.55539e+01 6.7302694541e+00
2.46982e+01 6.9349178595e+00
2.38537e+01 7.1982287299e+00
2.30217e+01 7.5201357462e+00
2.22036e+01 7.9002422542e+00
2.14009e+01 8.3376183499e+00
2.06155e+01 8.8305677236e+00
1.98494e+01 9.3763726425e+00
1.91050e+01 9.9710308043e+00
1.83848e+01 1.0609003548e+01
1.76918e+01 1.1283000291e+01
1.70294e+01 1.1983828066e+01
1.64012e+01 1.2700336593e+01
1.58114e+01 1.3419487373e+01
1.52643e+01 1.4126569182e+01
1.47648e+01 1.4805571850e+01
1.43178e+01 1.5439715879e+01
1.39284e+01 1.6012118555e+01
1.36015e+01 1.6506559828e+01
1.33417e+01 1.6908295628e+01
1.31529e+01 1.7204855213e+01
1.30384e+01 1.7386754508e+01
1.30000e+01 1.7448060686e+01
1.30384e+01 1.7386754508e+01
1.31529e+01 1.7204855213e+01
1.33417e+01 1.6908295628e+01
1.36015e+01 1.6506559828e+01
1.39284e+01 1.6012118555e+01
1.43178e+01 1.5439715879e+01
1.47648e+01 1.4805571850e+01
1.52643e+01 1.4126569182e+01
1.58114e+01 1.3419487373e+01
1.64012e+01 1.2700336593e+01
1.70294e+01 1.1983828066e+01
1.76918e+01 1.1283000291e+01
1.83848e+01 1.0609003548e+01
1.91050e+01 9.9710308043e+00
1.98494e+01 9.3763726425e+00
2.06155e+01 8.8305677236e+00
2.14009e+01 8.3376183499e+00
2.22036e+01 7.9002422542e+00
2.30217e+01 7.5201357462e+00
2.38537e+01 7.1982287299e+00
2.46982e+01 6.9349178595e+00
2.55539e+01 6.7302694541e+00
2.64197e+01 6.5841882303e+00
2.72947e+01 6.4965511995e+00
2.86531e+01 6.2475984284e+00
2.77849e+01 6.2741904461e+00
2.69258e+01 6.3538712698e+00
2.60768e+01 6.4866040147e+00
2.52389e+01 6.6723530477e+00
2.44131e+01 6.9109999949e+00
2.36008e+01 7.2022314273e+00
2.28035e+01 7.5453976932e+00
2.20227e+01 7.9393441238e+00
2.12603e+01 8.3822185504e+00
2.05183e+01 8.8712626778e+00
1.97990e+01 9.4025991626e+00
1.91050e+01 9.9710308043e+00
1.84391e+01 1.0569872460e+01
1.78045e+01 1.1190839324e+01
1.72047e+01 1.1824016207e+01
1.66433e+01 1.2457930613e+01
1.61245e+01 1.3079747182e+01
1.56525e+01 1.3675592346e+01
1.52315e+01 1.4231006277e+01
1.48661e+01 1.4731505451e+01
1.45602e+01 1.5163225049e+01
1.43178e+01 1.5513597915e+01
1.41421e+01 1.5772017877e+01
1.40357e+01 1.5930431738e+01
1.40000e+01 1.5983807002e+01
1.40357e+01 1.5930431738e+01
1.41421e+01 1.5772017877e+01
1.43178e+01 1.5513597915e+01
1.45602e+01 1.5163225049e+01
1.48661e+01 1.4731505451e+01
1.52315e+01 1.4231006277e+01
1.56525e+01 1.3675592346e+01
1.61245e+01 1.3079747182e+01
1.66433e+01 1.2457930613e+01
1.72047e+01 1.1824016207e+01
1.78045e+01 1.1190839324e+01
1.84391e+01 1.0569872460e+01
1.91050e+01 9.9710308043e+00
1.97990e+01 9.4025991626e+00
2.05183e+01 8.8712626778e+00
2.12603e+01 8.3822185504e+00
2.20227e+01 7.9393441238e+00
2.28035e+01 7.5453976932e+00
2.36008e+01 7.2022314273e+00
2.44131e+01 6.9109999949e+00
2.52389e+01 6.6723530477e+00
2.60768e+01 6.4866040147e+00
2.69258e+01 6.3538712698e+00
2.77849e+01 6.2741904461e+00
2.91548e+01 6.0369141442e+00
2.83019e+01 6.0610443477e+00
2.74591e+01 6.1333363435e+00
2.66271e+01 6.2536799692e+00
2.58070e+01 6.4219071101e+00
2.50000e+01 6.6377222798e+00
2.42074e+01 6.9006095259e+00
2.34307e+01 7.2097157969e+00
2.26716e+01 7.5637123827e+00
2.19317e+01 7.9606382554e+00
2.12132e+01 8.3977320314e+00
2.05183e+01 8.8712626778e+00
1.98494e+01 9.3763726425e+00
1.92094e+01 9.9069502932e+00
1.86011e+01 1.0455550776e+01
1.80278e+01 1.1013384960e+01
1.74929e+01 1.1570394408e+01
1.70000e+01 1.2115425898e+01
1.65529e+01 1.2636511830e+01
1.61555e+01 1.3121253328e+01
1.58114e+01 1.3557291743e+01
1.55242e+01 1.3932843043e+01
1.52971e+01 1.4237259599e+01
1.51327e+01 1.4461576956e+01
1.50333e+01 1.4599000443e+01
1.50000e+01 1.4645288910e+01
1.50333e+01 1.4599000443e+01
1.51327e+01 1.4461576956e+01
1.52971e+01 1.4237259599e+01
1.55242e+01 1.3932843043e+01
1.58114e+01 1.3557291743e+01
1.61555e+01 1.3121253328e+01
1.65529e+01 1.2636511830e+01
1.70000e+01 1.2115425898e+01
1.74929e+01 1.1570394408e+01
1.80278e+01 1.1013384960e+01
1.86011e+01 1.0455550776e+01
1.92094e+01 9.9069502932e+00
1.98494e+01 9.3763726425e+00
2.05183e+01 8.8712626778e+00
2.12132e+01 8.3977320314e+00
2.19317e+01 7.9606382554e+00
2.26716e+01 7.5637123827e+00
2.34307e+01 7.2097157969e+00
2.42074e+01 6.9006095259e+00
2.50000e+01 6.6377222798e+00
2.58070e+01 6.4219071101e+00
2.66271e+01 6.2536799692e+00
2.74591e+01 6.1333363435e+00
2.83019e+01 6.0610443477e+00
2.96816e+01 5.8381405433e+00
2.88444e+01 5.8600201926e+00
2.80179e+01 5.9255571704e+00
2.72029e+01 6.0345812280e+00
2.64008e+01 6.1868164855e+00
2.56125e+01 6.3818246740e+00
2.48395e+01 6.6189288683e+00
2.40832e+01 6.8971183166e+00
2.33452e+01 7.2149362058e+00
2.26274e+01 7.5703539971e+00
2.19317e+01 7.9606382554e+00
2.12603e+01 8.3822185504e+00
2.06155e+01 8.8305677236e+00
2.00000e+01 9.3001082120e+00
1.94165e+01 9.7841596893e+00
1.88680e+01 1.0274943507e+01
1.83576e+01 1.0763657829e+01
1.78885e+01 1.1240633634e+01
1.74642e+01 1.1695575937e+01
1.70880e+01 1.2117886867e+01
1.67631e+01 1.2497058488e+01
1.64924e+01 1.2823114333e+01
1.62788e+01 1.3087070857e+01
1.61245e+01 1.3281384629e+01
1.60312e+01 1.3400349105e+01
1.60000e+01 1.3440406835e+01
1.60312e+01 1.3400349105e+01
1.61245e+01 1.3281384629e+01
1.62788e+01 1.3087070857e+01
1.64924e+01 1.2823114333e+01
1.67631e+01 1.2497058488e+01
1.70880e+01 1.2117886867e+01
1.74642e+01 1.1695575937e+01
1.78885e+01 1.1240633634e+01
1.83576e+01 1.0763657829e+01
1.88680e+01 1.0274943507e+01
1.94165e+01 9.7841596893e+00
2.00000e+01 9.3001082120e+00
2.06155e+01 8.8305677236e+00
2.12603e+01 8.3822185504e+00
2.19317e+01 7.9606382554e+00
2.26274e+01 7.5703539971e+00
2.33452e+01 7.2149362058e+00
2.40832e+01 6.8971183166e+00
2.48395e+01 6.6189288683e+00
2.56125e+01 6.3818246740e+00
2.64008e+01 6.1868164855e+00
2.72029e+01 6.0345812280e+00
2.80179e+01 5.9255571704e+00
2.88444e+01 5.8600201926e+00
3.02324e+01 5.6538452331e+00
2.94109e+01 5.6737007324e+00
2.86007e+01 5.7331621542e+00
2.78029e+01 5.8320112637e+00
2.70185e+01 5.9698868591e+00
2.62488e+01 6.1462388403e+00
2.54951e+01 6.3602664267e+00
2.47588e+01 6.6108414409e+00
2.40416e+01 6.8964186014e+00
2.33452e+01 7.2149362058e+00
2.26716e+01 7.5637123827e+00
2.20227e+01 7.9393441238e+00
2.14009e+01 8.3376183499e+00
2.08087e+01 8.7534460023e+00
2.02485e+01 9.1808312127e+00
1.97231e+01 9.6128875788e+00
1.92354e+01 1.0041912123e+01
1.87883e+01 1.0459524422e+01
1.83848e+01 1.0856873669e+01
1.80278e+01 1.1224910313e+01
1.77200e+01 1.1554712018e+01
1.74642e+01 1.1837846752e+01
1.72627e+01 1.2066749778e+01
1.71172e+01 1.2235087284e+01
1.70294e+01 1.2338077877e+01
1.70000e+01 1.2372744963e+01
1.70294e+01 1.2338077877e+01
1.71172e+01 1.2235087284e+01
1.72627e+01 1.2066749778e+01
1.74642e+01 1.1837846752e+01
1.77200e+01 1.1554712018e+01
1.80278e+01 1.1224910313e+01
1.83848e+01 1.0856873669e+01
1.87883e+01 1.0459524422e+01
1.92354e+01 1.0041912123e+01
1.97231e+01 9.6128875788e+00
2.02485e+01 9.1808312127e+00
2.08087e+01 8.7534460023e+00
2.14009e+01 8.3376183499e+00
2.20227e+01 7.9393441238e+00
2.26716e+01 7.5637123827e+00
2.33452e+01 7.2149362058e+00
2.40416e+01 6.8964186014e+00
2.47588e+01 6.6108414409e+00
2.54951e+01 6.3602664267e+00
2.62488e+01 6.1462388403e+00
2.70185e+01 5.9698868591e+00
2.78029e+01 5.8320112637e+00
2.86007e+01 5.7331621542e+00
2.94109e+01 5.6737007324e+00
3.08058e+01 5.4862755066e+00
3.00000e+01 5.5043426470e+00
2.92062e+01 5.5584362873e+00
2.84253e+01 5.6483008989e+00
2.76586e+01 5.7735095938e+00
2.69072e+01 5.9334272932e+00
2.61725e+01 6.1271611996e+00
2.54558e+01 6.3534996695e+00
2.47588e+01 6.6108414409e+00
2.40832e+01 6.8971183166e+00
2.34307e+01 7.2097157969e+00
2.28035e+01 7.5453976932e+00
2.22036e+01 7.9002422542e+00
2.16333e+01 8.2695985640e+00
2.10950e+01 8.6480726343e+00
2.05913e+01 9.0295524193e+00
2.01246e+01 9.4072796735e+00
1.96977e+01 9.7739740088e+00
1.93132e+01 1.0122010705e+01
1.89737e+01 1.0443649008e+01
1.86815e+01 1.0731302260e+01
1.84391e+01 1.0977835837e+01
1.82483e+01 1.1176874302e+01
1.81108e+01 1.1323096104e+01
1.80278e+01 1.1412493132e+01
1.80000e+01 1.1442573915e+01
1.80278e+01 1.1412493132e+01
1.81108e+01 1.1323096104e+01
1.82483e+01 1.1176874302e+01
1.84391e+01 1.0977835837e+01
1.86815e+01 1.0731302260e+01
1.89737e+01 1.0443649008e+01
1.93132e+01 1.0122010705e+01
1.96977e+01 9.7739740088e+00
2.01246e+01 9.4072796735e+00
2.05913e+01 9.0295524193e+00
2.10950e+01 8.6480726343e+00
2.16333e+01 8.2695985640e+00
2.22036e+01 7.9002422542e+00
2.28035e+01 7.5453976932e+00
2.34307e+01 7.2097157969e+00
2.40832e+01 6.8971183166e+00
2.47588e+01 6.6108414409e+00
2.54558e+01 6.3534996695e+00
2.61725e+01 6.1271611996e+00
2.69072e+01 5.9334272932e+00
2.76586e+01 5.7735095938e+00
2.84253e+01 5.6483008989e+00
2.92062e+01 5.5584362873e+00
3.00000e+01 5.5043426470e+00
3.14006e+01 5.3373640675e+00
3.06105e+01 5.3538834954e+00
2.98329e+01 5.4033317740e+00
2.90689e+01 5.4854252059e+00
2.83196e+01 5.5996877929e+00
2.75862e+01 5.7454219174e+00
2.68701e+01 5.9216689823e+00
2.61725e+01 6.1271611996e+00
2.54951e+01 6.3602664267e+00
2.48395e+01 6.6189288683e+00
2.42074e+01 6.9006095259e+00
2.36008e+01 7.2022314273e+00
2.30217e+01 7.5201357462e+00
2.24722e+01 7.8500557542e+00
2.19545e+01 8.1871159176e+00
2.14709e+01 8.5258631400e+00
2.10238e+01 8.8603359824e+00
2.06155e+01 9.1841755664e+00
2.02485e+01 9.4907788206e+00
1.99249e+01 9.7734909398e+00
1.96469e+01 1.0025829746e+01
1.94165e+01 1.0241730538e+01
1.92354e+01 1.0415796543e+01
1.91050e+01 1.0543537819e+01
1.90263e+01 1.0621580774e+01
1.90000e+01 1.0647831694e+01
1.90263e+01 1.0621580774e+01
1.91050e+01 1.0543537819e+01
1.92354e+01 1.0415796543e+01
1.94165e+01 1.0241730538e+01
1.96469e+01 1.0025829746e+01
1.99249e+01 9.7734909398e+00
2.02485e+01 9.4907788206e+00
2.06155e+01 9.1841755664e+00
2.10238e+01 8.8603359824e+00
2.14709e+01 8.5258631400e+00
2.19545e+01 8.1871159176e+00
2.24722e+01 7.8500557542e+00
2.30217e+01 7.5201357462e+00
2.36008e+01 7.2022314273e+00
2.42074e+01 6.9006095259e+00
2.48395e+01 6.6189288683e+00
2.54951e+01 6.3602664267e+00
2.61725e+01 6.1271611996e+00
2.68701e+01 5.9216689823e+00
2.75862e+01 5.7454219174e+00
2.83196e+01 5.5996877929e+00
2.90689e+01 5.4854252059e+00
2.98329e+01 5.4033317740e+00
3.06105e+01 5.3538834954e+00
3.20156e+01 5.2087406082e+00
3.12410e+01 5.2239545017e+00
3.04795e+01 5.2694844536e+00
2.97321e+01 5.3450261265e+00
2.90000e+01 5.4500679296e+00
2.82843e+01 5.5838677654e+00
2.75862e+01 5.7454219174e+00
2.69072e+01 5.9334272932e+00
2.62488e+01 6.1462388403e+00
2.56125e+01 6.3818246740e+00
2.50000e+01 6.6377222798e+00
2.44131e+01 6.9109999949e+00
2.38537e+01 7.1982287299e+00
2.33238e+01 7.4954694303e+00
2.28254e+01 7.7982819309e+00
2.23607e+01 8.1017604709e+00
2.19317e+01 8.4006000943e+00
2.15407e+01 8.6891963929e+00
2.11896e+01 8.9617786014e+00
2.08806e+01 9.2125730775e+00
2.06155e+01 9.4359909624e+00
2.03961e+01 9.6268306850e+00
2.02237e+01 9.7804833682e+00
2.00998e+01 9.8931275227e+00
2.00250e+01 9.9618989993e+00
2.00000e+01 9.9850231993e+00
2.00250e+01 9.9618989993e+00
2.00998e+01 9.8931275227e+00
2.02237e+01 9.7804833682e+00
2.03961e+01 9.6268306850e+00
2.06155e+01 9.4359909624e+00
2.08806e+01 9.2125730775e+00
2.11896e+01 8.9617786014e+00
2.15407e+01 8.6891963929e+00
2.19317e+01 8.4006000943e+00
2.23607e+01 8.1017604709e+00
2.28254e+01 7.7982819309e+00
2.33238e+01 7.4954694303e+00
2.38537e+01 7.1982287299e+00
2.44131e+01 6.9109999949e+00
2.50000e+01 6.6377222798e+00
2.56125e+01 6.3818246740e+00
2.62488e+01 6.1462388403e+00
2.69072e+01 5.9334272932e+00
2.75862e+01 5.7454219174e+00
2.82843e+01 5.5838677654e+00
2.90000e+01 5.4500679296e+00
2.97321e+01 5.3450261265e+00
3.04795e+01 5.2694844536e+00
3.12410e+01 5.2239545017e+00
3.26497e+01 5.1017468277e+00
3.18904e+01 5.1158966970e+00
3.11448e+01 5.1582333306e+00
3.04138e+01 5.2284377725e+00
2.96985e+01 5.3259735001e+00
2.90000e+01 5.4500679296e+00
2.83196e+01 5.5996877929e+00
2.76586e+01 5.7735095938e+00
2.70185e+01 5.9698868591e+00
2.64008e+01 6.1868164855e+00
2.58070e+01 6.4219071101e+00
2.52389e+01 6.6723530477e+00
2.46982e+01 6.9349178595e+00
2.41868e+01 7.2059319344e+00
2.37065e+01 7.4813084676e+00
2.32594e+01 7.7565817931e+00
2.28473e+01 8.0269710894e+00
2.24722e+01 8.2874709929e+00
2.21359e+01 8.5329686738e+00
2.18403e+01 8.7583845666e+00
2.15870e+01 8.9588314337e+00
2.13776e+01 9.1297840377e+00
2.12132e+01 9.2672497395e+00
2.10950e+01 9.3679291238e+00
2.10238e+01 9.4293555132e+00
2.10000e+01 9.4500031148e+00
2.10238e+01 9.4293555132e+00
2.10950e+01 9.3679291238e+00
2.12132e+01 9.2672497395e+00
2.13776e+01 9.1297840377e+00
2.15870e+01 8.9588314337e+00
2.18403e+01 8.7583845666e+00
2.21359e+01 8.5329686738e+00
2.24722e+01 8.2874709929e+00
2.28473e+01 8.0269710894e+00
2.32594e+01 7.7565817931e+00
2.37065e+01 7.4813084676e+00
2.41868e+01 7.2059319344e+00
2.46982e+01 6.9349178595e+00
2.52389e+01 6.6723530477e+00
2.58070e+01 6.4219071101e+00
2.64008e+01 6.1868164855e+00
2.70185e+01 5.9698868591e+00
2.76586e+01 5.7735095938e+00
2.83196e+01 5.5996877929e+00
2.90000e+01 5.4500679296e+00
2.96985e+01 5.3259735001e+00
3.04138e+01 5.2284377725e+00
3.11448e+01 5.1582333306e+00
3.18904e+01 5.1158966970e+00
3.33017e+01 5.0174527287e+00
3.25576e+01 5.0307782100e+00
3.18277e+01 5.0706408663e+00
3.11127e+01 5.1367118160e+00
3.04138e+01 5.2284377725e+00
2.97321e+01 5.3450261265e+00
2.90689e+01 5.4854252059e+00
2.84253e+01 5.6483008989e+00
2.78029e+01 5.8320112637e+00
2.72029e+01 6.0345812280e+00
2.66271e+01 6.2536799692e+00
2.60768e+01 6.4866040147e+00
2.55539e+01 6.7302694541e+00
2.50599e+01 6.9812168176e+00
2.45967e+01 7.2356320725e+00
2.41661e+01 7.4893867394e+00
2.37697e+01 7.7380992761e+00
2.34094e+01 7.9772186093e+00
2.30868e+01 8.2021290550e+00
2.28035e+01 8.4082739639e+00
2.25610e+01 8.5912934374e+00
2.23607e+01 8.7471695902e+00
2.22036e+01 8.8723713463e+00
2.20907e+01 8.9639898612e+00
2.20227e+01 9.0198555548e+00
2.20000e+01 9.0386285035e+00
2.20227e+01 9.0198555548e+00
2.20907e+01 8.9639898612e+00
2.22036e+01 8.8723713463e+00
2.23607e+01 8.7471695902e+00
2.25610e+01 8.5912934374e+00
2.28035e+01 8.4082739639e+00
2.30868e+01 8.2021290550e+00
2.34094e+01 7.9772186093e+00
2.37697e+01 7.7380992761e+00
2.41661e+01 7.4893867394e+00
2.45967e+01 7.2356320725e+00
2.50599e+01 6.9812168176e+00
2.55539e+01 6.7302694541e+00
2.60768e+01 6.4866040147e+00
2.66271e+01 6.2536799692e+00
2.72029e+01 6.0345812280e+00
2.78029e+01 5.8320112637e+00
2.84253e+01 5.6483008989e+00
2.90689e+01 5.4854252059e+00
2.97321e+01 5.3450261265e+00
3.04138e+01 5.2284377725e+00
3.11127e+01 5.1367118160e+00
3.18277e+01 5.0706408663e+00
3.25576e+01 5.0307782100e+00
3.39706e+01 4.9566723474e+00
3.32415e+01 4.9694108310e+00
3.25269e+01 5.0075120691e+00
3.18277e+01 5.0706408663e+00
3.11448e+01 5.1582333306e+00
3.04795e+01 5.2694844536e+00
2.98329e+01 5.4033317740e+00
2.92062e+01 5.5584362873e+00
2.86007e+01 5.7331621542e+00
2.80179e+01 5.9255571704e+00
2.74591e+01 6.1333363435e+00
2.69258e+01 6.3538712698e+00
2.64197e+01 6.5841882303e+00
2.59422e+01 6.8209779941e+00
2.54951e+01 7.0606201414e+00
2.50799e+01 7.2992242578e+00
2.46982e+01 7.5326895593e+00
2.43516e+01 7.7567833868e+00
2.40416e+01 7.9672376107e+00
2.37697e+01 8.1598603891e+00
2.35372e+01 8.3306590932e+00
2.33452e+01 8.4759687053e+00
2.31948e+01 8.5925788218e+00
2.30868e+01 8.6778517216e+00
2.30217e+01 8.7298239362e+00
2.30000e+01 8.7472844379e+00
2.30217e+01 8.7298239362e+00
2.30868e+01 8.6778517216e+00
2.31948e+01 8.5925788218e+00
2.33452e+01 8.4759687053e+00
2.35372e+01 8.3306590932e+00
2.37697e+01 8.1598603891e+00
2.40416e+01 7.9672376107e+00
2.43516e+01 7.7567833868e+00
2.46982e+01 7.5326895593e+00
2.50799e+01 7.2992242578e+00
2.54951e+01 7.0606201414e+00
2.59422e+01 6.8209779941e+00
2.64197e+01 6.5841882303e+00
2.69258e+01 6.3538712698e+00
2.74591e+01 6.1333363435e+00
2.80179e+01 5.9255571704e+00
2.86007e+01 5.7331621542e+00
2.92062e+01 5.5584362873e+00
2.98329e+01 5.4033317740e+00
3.04795e+01 5.2694844536e+00
3.11448e+01 5.1582333306e+00
3.18277e+01 5.0706408663e+00
3.25269e+01 5.0075120691e+00
3.32415e+01 4.9694108310e+00
3.46554e+01 4.9199774065e+00
3.39411e+01 4.9323643360e+00
3.32415e+01 4.9694108310e+00
3.25576e+01 5.0307782100e+00
3.18904e+01 5.1158966970e+00
3.12410e+01 5.2239545017e+00
3.06105e+01 5.3538834954e+00
3.00000e+01 5.5043426470e+00
2.94109e+01 5.6737007324e+00
2.88444e+01 5.8600201926e+00
2.83019e+01 6.0610443477e+00
2.77849e+01 6.2741904461e+00
2.72947e+01 6.4965511995e+00
2.68328e+01 6.7249074512e+00
2.64008e+01 6.9557544203e+00
2.60000e+01 7.1853434910e+00
2.56320e+01 7.4097407613e+00
2.52982e+01 7.6249025370e+00
2.50000e+01 7.8267666896e+00
2.47386e+01 8.0113573928e+00
2.45153e+01 8.1748993222e+00
2.43311e+01 8.3139361157e+00
2.41868e+01 8.4254468973e+00
2.40832e+01 8.5069541315e+00
2.40208e+01 8.5566160933e+00
2.40000e+01 8.5732978768e+00
2.40208e+01 8.5566160933e+00
2.40832e+01 8.5069541315e+00
2.41868e+01 8.4254468973e+00
2.43311e+01 8.3139361157e+00
2.45153e+01 8.1748993222e+00
2.47386e+01 8.0113573928e+00
2.50000e+01 7.8267666896e+00
2.52982e+01 7.6249025370e+00
2.56320e+01 7.4097407613e+00
2.60000e+01 7.1853434910e+00
2.64008e+01 6.9557544203e+00
2.68328e+01 6.7249074512e+00
2.72947e+01 6.4965511995e+00
2.77849e+01 6.2741904461e+00
2.83019e+01 6.0610443477e+00
2.88444e+01 5.8600201926e+00
2.94109e+01 5.6737007324e+00
3.00000e+01 5.5043426470e+00
3.06105e+01 5.3538834954e+00
3.12410e+01 5.2239545017e+00
3.18904e+01 5.1158966970e+00
3.25576e+01 5.0307782100e+00
3.32415e+01 4.9694108310e+00
3.39411e+01 4.9323643360e+00
