1.00000e+01 5.22994e-01
2.00000e+01 7.61498e-01
3.00000e+01 9.95275e-01
4.00000e+01 1.22442e+00
5.00000e+01 1.44902e+00
6.00000e+01 1.66917e+00
7.00000e+01 1.88495e+00
8.00000e+01 2.09646e+00
9.00000e+01 2.30378e+00
1.00000e+02 2.50699e+00
1.10000e+02 2.70617e+00
1.20000e+02 2.90140e+00
1.30000e+02 3.09276e+00
1.40000e+02 3.28033e+00
1.50000e+02 3.46418e+00
1.60000e+02 3.64439e+00
1.70000e+02 3.82102e+00
1.80000e+02 3.99416e+00
1.90000e+02 4.16386e+00
2.00000e+02 4.33020e+00
2.10000e+02 4.49324e+00
2.20000e+02 4.65305e+00
2.30000e+02 4.80969e+00
2.40000e+02 4.96323e+00
2.50000e+02 5.11372e+00
2.60000e+02 5.26123e+00
2.70000e+02 5.40582e+00
2.80000e+02 5.54754e+00
2.90000e+02 5.68646e+00
3.00000e+02 5.82262e+00
3.10000e+02 5.95608e+00
3.20000e+02 6.08689e+00
3.30000e+02 6.21511e+00
3.40000e+02 6.34079e+00
3.50000e+02 6.46398e+00
3.60000e+02 6.58473e+00
3.70000e+02 6.70309e+00
3.80000e+02 6.81909e+00
3.90000e+02 6.93280e+00
4.00000e+02 7.04426e+00
4.10000e+02 7.15351e+00
4.20000e+02 7.26059e+00
4.30000e+02 7.36555e+00
4.40000e+02 7.46842e+00
4.50000e+02 7.56926e+00
4.60000e+02 7.66810e+00
4.70000e+02 7.76498e+00
4.80000e+02 7.85994e+00
4.90000e+02 7.95302e+00
5.00000e+02 8.04426e+00
5.10000e+02 8.13368e+00
5.20000e+02 8.22134e+00
5.30000e+02 8.30725e+00
5.40000e+02 8.39146e+00
5.50000e+02 8.47401e+00
5.60000e+02 8.55491e+00
5.70000e+02 8.63422e+00
5.80000e+02 8.71195e+00
5.90000e+02 8.78814e+00
6.00000e+02 8.86282e+00
6.10000e+02 8.93602e+00
6.20000e+02 9.00777e+00
6.30000e+02 9.07810e+00
6.40000e+02 9.14703e+00
6.50000e+02 9.21460e+00
6.60000e+02 9.28083e+00
6.70000e+02 9.34574e+00
6.80000e+02 9.40937e+00
6.90000e+02 9.47174e+00
7.00000e+02 9.53287e+00
7.10000e+02 9.59279e+00
7.20000e+02 9.65152e+00
7.30000e+02 9.70909e+00
7.40000e+02 9.76552e+00
7.50000e+02 9.82083e+00
7.60000e+02 9.87504e+00
7.70000e+02 9.92818e+00
7.80000e+02 9.98026e+00
7.90000e+02 1.00313e+01
8.00000e+02 1.00814e+01
8.10000e+02 1.01304e+01
8.20000e+02 1.01785e+01
8.30000e+02 1.02256e+01
8.40000e+02 1.02718e+01
8.50000e+02 1.03171e+01
8.60000e+02 1.03614e+01
8.70000e+02 1.04049e+01
8.80000e+02 1.04476e+01
8.90000e+02 1.04894e+01
9.00000e+02 1.05303e+01
9.10000e+02 1.05705e+01
9.20000e+02 1.06098e+01
9.30000e+02 1.06484e+01
9.40000e+02 1.06862e+01
9.50000e+02 1.07233e+01
9.60000e+02 1.07596e+01
9.70000e+02 1.07952e+01
9.80000e+02 1.08301e+01
9.90000e+02 1.08643e+01
1.00000e+03 1.08978e+01
1.01000e+03 1.09307e+01
1.02000e+03 1.09629e+01
1.03000e+03 1.09945e+01
1.04000e+03 1.10254e+01
1.05000e+03 1.10558e+01
1.06000e+03 1.10855e+01
1.07000e+03 1.11146e+01
1.08000e+03 1.11432e+01
1.09000e+03 1.11712e+01
1.10000e+03 1.11987e+01
1.11000e+03 1.12256e+01
1.12000e+03 1.12519e+01
1.13000e+03 1.12778e+01
1.14000e+03 1.13031e+01
1.15000e+03 1.13279e+01
1.16000e+03 1.13523e+01
1.17000e+03 1.13761e+01
1.18000e+03 1.13995e+01
1.19000e+03 1.14224e+01
1.20000e+03 1.14449e+01
1.21000e+03 1.14669e+01
1.22000e+03 1.14885e+01
1.23000e+03 1.15097e+01
1.24000e+03 1.15304e+01
1.25000e+03 1.15507e+01
1.26000e+03 1.15707e+01
1.27000e+03 1.15902e+01
1.28000e+03 1.16093e+01
1.29000e+03 1.16281e+01
1.30000e+03 1.16465e+01
1.31000e+03 1.16645e+01
1.32000e+03 1.16822e+01
1.33000e+03 1.16995e+01
1.34000e+03 1.17165e+01
