1.00000e+01 5.24351e-01
2.00000e+01 7.62829e-01
3.00000e+01 9.96579e-01
4.00000e+01 1.22570e+00
5.00000e+01 1.45027e+00
6.00000e+01 1.67040e+00
7.00000e+01 1.88616e+00
8.00000e+01 2.09764e+00
9.00000e+01 2.30494e+00
1.00000e+02 2.50812e+00
1.10000e+02 2.70728e+00
1.20000e+02 2.90249e+00
1.30000e+02 3.09383e+00
1.40000e+02 3.28137e+00
1.50000e+02 3.46520e+00
1.60000e+02 3.64539e+00
1.70000e+02 3.82201e+00
1.80000e+02 3.99512e+00
1.90000e+02 4.16480e+00
2.00000e+02 4.33112e+00
2.10000e+02 4.49415e+00
2.20000e+02 4.65394e+00
2.30000e+02 4.81056e+00
2.40000e+02 4.96408e+00
2.50000e+02 5.11456e+00
2.60000e+02 5.26206e+00
2.70000e+02 5.40663e+00
2.80000e+02 5.54833e+00
2.90000e+02 5.68723e+00
3.00000e+02 5.82337e+00
3.10000e+02 5.95682e+00
3.20000e+02 6.08762e+00
3.30000e+02 6.21583e+00
3.40000e+02 6.34149e+00
3.50000e+02 6.46467e+00
3.60000e+02 6.58541e+00
3.70000e+02 6.70375e+00
3.80000e+02 6.81974e+00
3.90000e+02 6.93344e+00
4.00000e+02 7.04488e+00
4.10000e+02 7.15412e+00
4.20000e+02 7.26118e+00
4.30000e+02 7.36613e+00
4.40000e+02 7.46900e+00
4.50000e+02 7.56983e+00
4.60000e+02 7.66865e+00
4.70000e+02 7.76552e+00
4.80000e+02 7.86047e+00
4.90000e+02 7.95354e+00
5.00000e+02 8.04477e+00
