1.00000e+01 5.27944e-01
2.00000e+01 7.66350e-01
3.00000e+01 1.00003e+00
4.00000e+01 1.22908e+00
5.00000e+01 1.45359e+00
6.00000e+01 1.67365e+00
7.00000e+01 1.88934e+00
8.00000e+01 2.10077e+00
9.00000e+01 2.30800e+00
1.00000e+02 2.51112e+00
1.10000e+02 2.71022e+00
1.20000e+02 2.90537e+00
1.30000e+02 3.09665e+00
1.40000e+02 3.28414e+00
1.50000e+02 3.46792e+00
1.60000e+02 3.64805e+00
1.70000e+02 3.82461e+00
1.80000e+02 3.99768e+00
1.90000e+02 4.16731e+00
2.00000e+02 4.33358e+00
2.10000e+02 4.49655e+00
2.20000e+02 4.65630e+00
2.30000e+02 4.81288e+00
2.40000e+02 4.96635e+00
2.50000e+02 5.11678e+00
2.60000e+02 5.26423e+00
2.70000e+02 5.40876e+00
2.80000e+02 5.55043e+00
2.90000e+02 5.68928e+00
3.00000e+02 5.82538e+00
3.10000e+02 5.95879e+00
3.20000e+02 6.08955e+00
3.30000e+02 6.21772e+00
3.40000e+02 6.34335e+00
3.50000e+02 6.46649e+00
3.60000e+02 6.58719e+00
3.70000e+02 6.70549e+00
3.80000e+02 6.82145e+00
3.90000e+02 6.93512e+00
4.00000e+02 7.04653e+00
4.10000e+02 7.15573e+00
4.20000e+02 7.26277e+00
4.30000e+02 7.36768e+00
4.40000e+02 7.47052e+00
4.50000e+02 7.57131e+00
4.60000e+02 7.67011e+00
4.70000e+02 7.76695e+00
4.80000e+02 7.86188e+00
4.90000e+02 7.95492e+00
5.00000e+02 8.04611e+00
5.10000e+02 8.13550e+00
5.20000e+02 8.22312e+00
5.30000e+02 8.30900e+00
5.40000e+02 8.39318e+00
5.50000e+02 8.47569e+00
5.60000e+02 8.55656e+00
5.70000e+02 8.63583e+00
5.80000e+02 8.71353e+00
5.90000e+02 8.78969e+00
6.00000e+02 8.86434e+00
6.10000e+02 8.93751e+00
6.20000e+02 9.00923e+00
6.30000e+02 9.07953e+00
6.40000e+02 9.14844e+00
6.50000e+02 9.21598e+00
6.60000e+02 9.28218e+00
6.70000e+02 9.34707e+00
6.80000e+02 9.41067e+00
6.90000e+02 9.47301e+00
7.00000e+02 9.53412e+00
7.10000e+02 9.59401e+00
7.20000e+02 9.65272e+00
7.30000e+02 9.71026e+00
7.40000e+02 9.76667e+00
7.50000e+02 9.82195e+00
7.60000e+02 9.87614e+00
7.70000e+02 9.92926e+00
7.80000e+02 9.98132e+00
7.90000e+02 1.00324e+01
8.00000e+02 1.00824e+01
8.10000e+02 1.01314e+01
8.20000e+02 1.01795e+01
8.30000e+02 1.02266e+01
8.40000e+02 1.02727e+01
8.50000e+02 1.03180e+01
8.60000e+02 1.03623e+01
8.70000e+02 1.04058e+01
8.80000e+02 1.04484e+01
8.90000e+02 1.04902e+01
9.00000e+02 1.05312e+01
9.10000e+02 1.05713e+01
9.20000e+02 1.06106e+01
9.30000e+02 1.06492e+01
9.40000e+02 1.06870e+01
9.50000e+02 1.07240e+01
9.60000e+02 1.07603e+01
9.70000e+02 1.07959e+01
9.80000e+02 1.08308e+01
9.90000e+02 1.08650e+01
1.00000e+03 1.08985e+01
1.01000e+03 1.09314e+01
1.02000e+03 1.09636e+01
1.03000e+03 1.09951e+01
1.04000e+03 1.10261e+01
1.05000e+03 1.10564e+01
1.06000e+03 1.10861e+01
1.07000e+03 1.11152e+01
1.08000e+03 1.11438e+01
1.09000e+03 1.11718e+01
1.10000e+03 1.11992e+01
1.11000e+03 1.12261e+01
1.12000e+03 1.12525e+01
1.13000e+03 1.12783e+01
1.14000e+03 1.13036e+01
1.15000e+03 1.13285e+01
1.16000e+03 1.13528e+01
1.17000e+03 1.13766e+01
1.18000e+03 1.14000e+01
1.19000e+03 1.14229e+01
1.20000e+03 1.14454e+01
1.21000e+03 1.14674e+01
1.22000e+03 1.14890e+01
1.23000e+03 1.15101e+01
1.24000e+03 1.15308e+01
1.25000e+03 1.15512e+01
1.26000e+03 1.15711e+01
1.27000e+03 1.15906e+01
1.28000e+03 1.16097e+01
1.29000e+03 1.16285e+01
1.30000e+03 1.16469e+01
1.31000e+03 1.16649e+01
1.32000e+03 1.16825e+01
1.33000e+03 1.16999e+01
1.34000e+03 1.17168e+01
1.35000e+03 1.17335e+01
1.36000e+03 1.17498e+01
1.37000e+03 1.17657e+01
1.38000e+03 1.17814e+01
1.39000e+03 1.17967e+01
1.40000e+03 1.18118e+01
1.41000e+03 1.18265e+01
1.42000e+03 1.18410e+01
1.43000e+03 1.18552e+01
1.44000e+03 1.18691e+01
1.45000e+03 1.18827e+01
1.46000e+03 1.18960e+01
1.47000e+03 1.19091e+01
1.48000e+03 1.19219e+01
1.49000e+03 1.19345e+01
1.50000e+03 1.19468e+01
1.51000e+03 1.19589e+01
1.52000e+03 1.19707e+01
1.53000e+03 1.19823e+01
1.54000e+03 1.19937e+01
1.55000e+03 1.20048e+01
1.56000e+03 1.20157e+01
1.57000e+03 1.20265e+01
1.58000e+03 1.20369e+01
1.59000e+03 1.20472e+01
1.60000e+03 1.20573e+01
1.61000e+03 1.20672e+01
1.62000e+03 1.20769e+01
1.63000e+03 1.20864e+01
1.64000e+03 1.20957e+01
1.65000e+03 1.21048e+01
1.66000e+03 1.21138e+01
1.67000e+03 1.21225e+01
1.68000e+03 1.21311e+01
1.69000e+03 1.21395e+01
1.70000e+03 1.21478e+01
1.71000e+03 1.21559e+01
1.72000e+03 1.21638e+01
1.73000e+03 1.21716e+01
1.74000e+03 1.21792e+01
1.75000e+03 1.21867e+01
1.76000e+03 1.21940e+01
1.77000e+03 1.22011e+01
1.78000e+03 1.22082e+01
1.79000e+03 1.22151e+01
1.80000e+03 1.22218e+01
1.81000e+03 1.22285e+01
1.82000e+03 1.22349e+01
1.83000e+03 1.22413e+01
1.84000e+03 1.22475e+01
1.85000e+03 1.22537e+01
1.86000e+03 1.22596e+01
1.87000e+03 1.22655e+01
1.88000e+03 1.22713e+01
1.89000e+03 1.22769e+01
1.90000e+03 1.22824e+01
1.91000e+03 1.22879e+01
1.92000e+03 1.22932e+01
1.93000e+03 1.22984e+01
1.94000e+03 1.23035e+01
1.95000e+03 1.23085e+01
1.96000e+03 1.23134e+01
1.97000e+03 1.23182e+01
1.98000e+03 1.23229e+01
1.99000e+03 1.23275e+01
2.00000e+03 1.23321e+01
2.01000e+03 1.23365e+01
2.02000e+03 1.23408e+01
2.03000e+03 1.23451e+01
2.04000e+03 1.23493e+01
2.05000e+03 1.23534e+01
2.06000e+03 1.23574e+01
2.07000e+03 1.23613e+01
2.08000e+03 1.23652e+01
2.09000e+03 1.23690e+01
2.10000e+03 1.23727e+01
2.11000e+03 1.23763e+01
2.12000e+03 1.23799e+01
2.13000e+03 1.23834e+01
2.14000e+03 1.23868e+01
2.15000e+03 1.23901e+01
2.16000e+03 1.23934e+01
2.17000e+03 1.23966e+01
2.18000e+03 1.23998e+01
2.19000e+03 1.24029e+01
2.20000e+03 1.24059e+01
2.21000e+03 1.24089e+01
2.22000e+03 1.24118e+01
2.23000e+03 1.24147e+01
2.24000e+03 1.24175e+01
2.25000e+03 1.24202e+01
2.26000e+03 1.24229e+01
2.27000e+03 1.24255e+01
2.28000e+03 1.24281e+01
2.29000e+03 1.24307e+01
2.30000e+03 1.24331e+01
2.31000e+03 1.24356e+01
2.32000e+03 1.24380e+01
2.33000e+03 1.24403e+01
2.34000e+03 1.24426e+01
2.35000e+03 1.24448e+01
2.36000e+03 1.24470e+01
2.37000e+03 1.24492e+01
2.38000e+03 1.24513e+01
2.39000e+03 1.24534e+01
2.40000e+03 1.24554e+01
2.41000e+03 1.24574e+01
2.42000e+03 1.24594e+01
2.43000e+03 1.24613e+01
2.44000e+03 1.24631e+01
2.45000e+03 1.24650e+01
2.46000e+03 1.24668e+01
2.47000e+03 1.24686e+01
2.48000e+03 1.24703e+01
2.49000e+03 1.24720e+01
2.50000e+03 1.24736e+01
2.51000e+03 1.24753e+01
2.52000e+03 1.24769e+01
2.53000e+03 1.24784e+01
2.54000e+03 1.24800e+01
2.55000e+03 1.24815e+01
2.56000e+03 1.24830e+01
2.57000e+03 1.24844e+01
2.58000e+03 1.24858e+01
2.59000e+03 1.24872e+01
2.60000e+03 1.24886e+01
2.61000e+03 1.24899e+01
2.62000e+03 1.24912e+01
2.63000e+03 1.24925e+01
2.64000e+03 1.24938e+01
2.65000e+03 1.24950e+01
2.66000e+03 1.24962e+01
2.67000e+03 1.24974e+01
2.68000e+03 1.24985e+01
2.69000e+03 1.24997e+01
2.70000e+03 1.25008e+01
2.71000e+03 1.25019e+01
2.72000e+03 1.25030e+01
2.73000e+03 1.25040e+01
2.74000e+03 1.25050e+01
2.75000e+03 1.25060e+01
2.76000e+03 1.25070e+01
2.77000e+03 1.25080e+01
2.78000e+03 1.25090e+01
2.79000e+03 1.25099e+01
2.80000e+03 1.25108e+01
2.81000e+03 1.25117e+01
2.82000e+03 1.25126e+01
2.83000e+03 1.25134e+01
2.84000e+03 1.25143e+01
2.85000e+03 1.25151e+01
2.86000e+03 1.25159e+01
2.87000e+03 1.25167e+01
2.88000e+03 1.25175e+01
2.89000e+03 1.25182e+01
2.90000e+03 1.25190e+01
2.91000e+03 1.25197e+01
2.92000e+03 1.25204e+01
2.93000e+03 1.25211e+01
2.94000e+03 1.25218e+01
2.95000e+03 1.25225e+01
2.96000e+03 1.25232e+01
2.97000e+03 1.25238e+01
2.98000e+03 1.25244e+01
2.99000e+03 1.25251e+01
3.00000e+03 1.25257e+01
3.01000e+03 1.25263e+01
3.02000e+03 1.25269e+01
3.03000e+03 1.25274e+01
3.04000e+03 1.25280e+01
3.05000e+03 1.25286e+01
3.06000e+03 1.25291e+01
3.07000e+03 1.25296e+01
3.08000e+03 1.25302e+01
3.09000e+03 1.25307e+01
3.10000e+03 1.25312e+01
3.11000e+03 1.25317e+01
3.12000e+03 1.25321e+01
3.13000e+03 1.25326e+01
3.14000e+03 1.25331e+01
3.15000e+03 1.25335e+01
3.16000e+03 1.25340e+01
3.17000e+03 1.25344e+01
3.18000e+03 1.25348e+01
3.19000e+03 1.25352e+01
3.20000e+03 1.25357e+01
3.21000e+03 1.25361e+01
3.22000e+03 1.25365e+01
3.23000e+03 1.25368e+01
3.24000e+03 1.25372e+01
3.25000e+03 1.25376e+01
3.26000e+03 1.25380e+01
3.27000e+03 1.25383e+01
3.28000e+03 1.25387e+01
3.29000e+03 1.25390e+01
3.30000e+03 1.25393e+01
3.31000e+03 1.25397e+01
3.32000e+03 1.25400e+01
3.33000e+03 1.25403e+01
3.34000e+03 1.25406e+01
3.35000e+03 1.25409e+01
3.36000e+03 1.25412e+01
3.37000e+03 1.25415e+01
3.38000e+03 1.25418e+01
3.39000e+03 1.25421e+01
3.40000e+03 1.25423e+01
3.41000e+03 1.25426e+01
3.42000e+03 1.25429e+01
3.43000e+03 1.25431e+01
3.44000e+03 1.25434e+01
3.45000e+03 1.25436e+01
3.46000e+03 1.25439e+01
3.47000e+03 1.25441e+01
3.48000e+03 1.25444e+01
3.49000e+03 1.25446e+01
3.50000e+03 1.25448e+01
3.51000e+03 1.25450e+01
3.52000e+03 1.25452e+01
3.53000e+03 1.25455e+01
3.54000e+03 1.25457e+01
3.55000e+03 1.25459e+01
3.56000e+03 1.25461e+01
3.57000e+03 1.25463e+01
3.58000e+03 1.25465e+01
3.59000e+03 1.25466e+01
3.60000e+03 1.25468e+01
3.61000e+03 1.25470e+01
3.62000e+03 1.25472e+01
3.63000e+03 1.25474e+01
3.64000e+03 1.25475e+01
3.65000e+03 1.25477e+01
3.66000e+03 1.25479e+01
3.67000e+03 1.25480e+01
3.68000e+03 1.25482e+01
3.69000e+03 1.25483e+01
3.70000e+03 1.25485e+01
3.71000e+03 1.25486e+01
3.72000e+03 1.25488e+01
3.73000e+03 1.25489e+01
3.74000e+03 1.25490e+01
3.75000e+03 1.25492e+01
3.76000e+03 1.25493e+01
3.77000e+03 1.25494e+01
3.78000e+03 1.25496e+01
3.79000e+03 1.25497e+01
3.80000e+03 1.25498e+01
3.81000e+03 1.25499e+01
3.82000e+03 1.25501e+01
3.83000e+03 1.25502e+01
3.84000e+03 1.25503e+01
3.85000e+03 1.25504e+01
3.86000e+03 1.25505e+01
3.87000e+03 1.25506e+01
3.88000e+03 1.25507e+01
3.89000e+03 1.25508e+01
3.90000e+03 1.25509e+01
3.91000e+03 1.25510e+01
3.92000e+03 1.25511e+01
3.93000e+03 1.25512e+01
3.94000e+03 1.25513e+01
3.95000e+03 1.25514e+01
3.96000e+03 1.25515e+01
3.97000e+03 1.25516e+01
3.98000e+03 1.25517e+01
3.99000e+03 1.25518e+01
4.00000e+03 1.25518e+01
4.01000e+03 1.25519e+01
4.02000e+03 1.25520e+01
4.03000e+03 1.25521e+01
4.04000e+03 1.25521e+01
4.05000e+03 1.25522e+01
4.06000e+03 1.25523e+01
4.07000e+03 1.25524e+01
4.08000e+03 1.25524e+01
4.09000e+03 1.25525e+01
4.10000e+03 1.25526e+01
4.11000e+03 1.25526e+01
4.12000e+03 1.25527e+01
4.13000e+03 1.25528e+01
4.14000e+03 1.25528e+01
4.15000e+03 1.25529e+01
4.16000e+03 1.25530e+01
4.17000e+03 1.25530e+01
4.18000e+03 1.25531e+01
4.19000e+03 1.25531e+01
4.20000e+03 1.25532e+01
4.21000e+03 1.25532e+01
4.22000e+03 1.25533e+01
4.23000e+03 1.25533e+01
4.24000e+03 1.25534e+01
4.25000e+03 1.25534e+01
4.26000e+03 1.25535e+01
4.27000e+03 1.25535e+01
4.28000e+03 1.25536e+01
4.29000e+03 1.25536e+01
4.30000e+03 1.25537e+01
4.31000e+03 1.25537e+01
4.32000e+03 1.25538e+01
4.33000e+03 1.25538e+01
4.34000e+03 1.25539e+01
4.35000e+03 1.25539e+01
4.36000e+03 1.25539e+01
4.37000e+03 1.25540e+01
4.38000e+03 1.25540e+01
4.39000e+03 1.25540e+01
4.40000e+03 1.25541e+01
4.41000e+03 1.25541e+01
4.42000e+03 1.25542e+01
4.43000e+03 1.25542e+01
4.44000e+03 1.25542e+01
4.45000e+03 1.25543e+01
4.46000e+03 1.25543e+01
4.47000e+03 1.25543e+01
4.48000e+03 1.25544e+01
4.49000e+03 1.25544e+01
4.50000e+03 1.25544e+01
4.51000e+03 1.25544e+01
4.52000e+03 1.25545e+01
4.53000e+03 1.25545e+01
4.54000e+03 1.25545e+01
4.55000e+03 1.25546e+01
4.56000e+03 1.25546e+01
4.57000e+03 1.25546e+01
4.58000e+03 1.25546e+01
4.59000e+03 1.25547e+01
4.60000e+03 1.25547e+01
4.61000e+03 1.25547e+01
4.62000e+03 1.25547e+01
4.63000e+03 1.25548e+01
4.64000e+03 1.25548e+01
4.65000e+03 1.25548e+01
4.66000e+03 1.25548e+01
4.67000e+03 1.25548e+01
4.68000e+03 1.25549e+01
4.69000e+03 1.25549e+01
4.70000e+03 1.25549e+01
4.71000e+03 1.25549e+01
4.72000e+03 1.25550e+01
4.73000e+03 1.25550e+01
4.74000e+03 1.25550e+01
4.75000e+03 1.25550e+01
4.76000e+03 1.25550e+01
4.77000e+03 1.25550e+01
4.78000e+03 1.25551e+01
4.79000e+03 1.25551e+01
4.80000e+03 1.25551e+01
4.81000e+03 1.25551e+01
4.82000e+03 1.25551e+01
4.83000e+03 1.25551e+01
4.84000e+03 1.25552e+01
4.85000e+03 1.25552e+01
4.86000e+03 1.25552e+01
4.87000e+03 1.25552e+01
4.88000e+03 1.25552e+01
4.89000e+03 1.25552e+01
4.90000e+03 1.25552e+01
4.91000e+03 1.25553e+01
4.92000e+03 1.25553e+01
4.93000e+03 1.25553e+01
4.94000e+03 1.25553e+01
4.95000e+03 1.25553e+01
4.96000e+03 1.25553e+01
4.97000e+03 1.25553e+01
4.98000e+03 1.25553e+01
4.99000e+03 1.25554e+01
5.00000e+03 1.25554e+01
