1.00000e+01 7.60000e-03 7.60000e-03 7.60000e-03
2.00000e+01 0.00000e+00 0.00000e+00 0.00000e+00
3.00000e+01 0.00000e+00 0.00000e+00 0.00000e+00
4.00000e+01 0.00000e+00 0.00000e+00 0.00000e+00
5.00000e+01 0.00000e+00 0.00000e+00 0.00000e+00
6.00000e+01 0.00000e+00 0.00000e+00 0.00000e+00
7.00000e+01 0.00000e+00 0.00000e+00 0.00000e+00
8.00000e+01 0.00000e+00 0.00000e+00 0.00000e+00
9.00000e+01 0.00000e+00 0.00000e+00 0.00000e+00
1.00000e+02 0.00000e+00 0.00000e+00 0.00000e+00
1.10000e+02 0.00000e+00 0.00000e+00 7.20000e-03
1.20000e+02 7.60000e-03 1.60000e-03 2.52000e-02
1.30000e+02 2.20000e-02 3.44000e-02 5.28000e-02
1.40000e+02 4.36000e-02 6.44000e-02 9.88000e-02
1.50000e+02 9.12000e-02 1.06000e-01 1.30000e-01
1.60000e+02 1.30000e-01 1.65200e-01 1.42400e-01
1.70000e+02 1.70800e-01 2.13600e-01 1.43200e-01
1.80000e+02 2.22800e-01 2.43600e-01 1.59600e-01
1.90000e+02 2.52000e-01 2.67200e-01 1.91600e-01
2.00000e+02 2.78400e-01 2.64800e-01 2.25200e-01
2.10000e+02 3.05600e-01 2.49600e-01 2.60400e-01
2.20000e+02 3.13600e-01 2.36400e-01 3.03200e-01
2.30000e+02 3.17200e-01 2.27200e-01 3.34400e-01
2.40000e+02 3.20800e-01 2.16400e-01 3.58000e-01
2.50000e+02 3.30000e-01 2.08000e-01 3.78800e-01
2.60000e+02 3.31200e-01 1.99600e-01 3.92000e-01
2.70000e+02 3.35200e-01 2.04800e-01 3.96400e-01
2.80000e+02 3.19200e-01 2.19200e-01 4.01200e-01
2.90000e+02 2.98800e-01 2.38800e-01 4.07600e-01
3.00000e+02 2.73600e-01 2.55200e-01 4.21200e-01
3.10000e+02 2.71600e-01 2.72000e-01 4.14000e-01
3.20000e+02 2.60400e-01 2.89200e-01 4.12800e-01
3.30000e+02 2.51200e-01 3.04000e-01 4.12400e-01
3.40000e+02 2.42800e-01 3.17200e-01 4.08800e-01
3.50000e+02 2.30800e-01 3.26800e-01 4.11200e-01
3.60000e+02 2.16400e-01 3.47600e-01 4.03600e-01
3.70000e+02 2.04800e-01 3.61200e-01 4.03600e-01
3.80000e+02 1.94800e-01 3.86000e-01 3.89200e-01
3.90000e+02 1.92400e-01 3.97600e-01 3.86400e-01
4.00000e+02 1.87600e-01 4.10000e-01 3.74800e-01
4.10000e+02 1.94000e-01 4.22000e-01 3.54000e-01
4.20000e+02 2.00800e-01 4.40400e-01 3.33200e-01
4.30000e+02 2.03600e-01 4.59200e-01 3.14400e-01
4.40000e+02 2.12800e-01 4.68000e-01 2.98400e-01
4.50000e+02 2.14800e-01 4.79600e-01 2.85600e-01
4.60000e+02 2.24400e-01 4.78400e-01 2.76000e-01
4.70000e+02 2.30000e-01 4.78000e-01 2.72000e-01
4.80000e+02 2.38800e-01 4.76400e-01 2.65200e-01
4.90000e+02 2.48800e-01 4.73600e-01 2.55200e-01
5.00000e+02 2.56000e-01 4.80400e-01 2.44400e-01
5.10000e+02 2.66400e-01 4.69600e-01 2.42400e-01
5.20000e+02 2.76400e-01 4.65600e-01 2.35200e-01
5.30000e+02 2.85600e-01 4.54800e-01 2.37600e-01
5.40000e+02 2.94400e-01 4.39200e-01 2.45600e-01
5.50000e+02 3.00400e-01 4.18800e-01 2.59200e-01
5.60000e+02 3.10400e-01 3.97200e-01 2.70400e-01
5.70000e+02 3.25200e-01 3.69200e-01 2.84400e-01
5.80000e+02 3.31200e-01 3.49600e-01 2.97600e-01
5.90000e+02 3.40400e-01 3.26000e-01 3.11600e-01
6.00000e+02 3.40000e-01 3.10400e-01 3.26400e-01
6.10000e+02 3.46800e-01 2.91200e-01 3.41600e-01
6.20000e+02 3.46000e-01 2.74400e-01 3.57200e-01
6.30000e+02 3.61200e-01 2.54000e-01 3.62000e-01
6.40000e+02 3.63200e-01 2.39200e-01 3.74000e-01
6.50000e+02 3.69200e-01 2.24000e-01 3.86000e-01
6.60000e+02 3.67200e-01 2.12000e-01 3.98800e-01
6.70000e+02 3.58000e-01 2.07200e-01 4.10400e-01
6.80000e+02 3.46800e-01 2.00400e-01 4.30400e-01
6.90000e+02 3.43600e-01 1.93200e-01 4.40000e-01
7.00000e+02 3.33200e-01 1.93600e-01 4.50000e-01
7.10000e+02 3.12400e-01 2.06800e-01 4.58000e-01
7.20000e+02 2.95200e-01 2.11200e-01 4.72000e-01
7.30000e+02 2.75600e-01 2.21600e-01 4.80000e-01
7.40000e+02 2.62400e-01 2.27600e-01 4.87600e-01
7.50000e+02 2.46000e-01 2.38000e-01 4.92000e-01
7.60000e+02 2.30800e-01 2.50400e-01 4.99200e-01
7.70000e+02 2.19200e-01 2.62000e-01 4.95600e-01
7.80000e+02 2.12000e-01 2.80000e-01 4.84000e-01
7.90000e+02 2.07200e-01 3.01600e-01 4.68800e-01
8.00000e+02 2.04400e-01 3.18400e-01 4.57600e-01
8.10000e+02 1.93200e-01 3.38000e-01 4.44400e-01
8.20000e+02 2.06000e-01 3.57200e-01 4.14800e-01
8.30000e+02 2.16000e-01 3.70800e-01 3.91200e-01
8.40000e+02 2.25600e-01 3.84800e-01 3.67600e-01
8.50000e+02 2.29200e-01 3.97200e-01 3.50800e-01
8.60000e+02 2.40000e-01 4.05600e-01 3.28800e-01
8.70000e+02 2.54800e-01 4.13600e-01 3.12800e-01
8.80000e+02 2.67200e-01 4.13200e-01 2.96800e-01
8.90000e+02 2.84400e-01 4.08000e-01 2.84000e-01
9.00000e+02 3.07200e-01 4.02000e-01 2.69200e-01
9.10000e+02 3.24800e-01 3.96800e-01 2.58800e-01
9.20000e+02 3.42800e-01 3.82000e-01 2.49200e-01
9.30000e+02 3.62800e-01 3.66000e-01 2.49200e-01
9.40000e+02 3.80800e-01 3.49200e-01 2.49600e-01
9.50000e+02 3.91200e-01 3.35200e-01 2.50000e-01
9.60000e+02 4.03600e-01 3.27200e-01 2.46000e-01
9.70000e+02 4.14800e-01 3.14400e-01 2.46800e-01
9.80000e+02 4.18000e-01 3.04000e-01 2.58400e-01
9.90000e+02 4.17200e-01 2.86000e-01 2.72400e-01
1.00000e+03 4.11200e-01 2.74800e-01 2.90800e-01
1.01000e+03 4.11200e-01 2.55200e-01 3.09600e-01
1.02000e+03 4.01600e-01 2.52400e-01 3.26800e-01
1.03000e+03 3.83600e-01 2.44800e-01 3.46000e-01
1.04000e+03 3.68400e-01 2.44000e-01 3.65200e-01
1.05000e+03 3.51600e-01 2.45200e-01 3.82400e-01
1.06000e+03 3.36800e-01 2.43200e-01 3.96800e-01
1.07000e+03 3.32800e-01 2.40000e-01 4.03600e-01
1.08000e+03 3.15200e-01 2.45600e-01 4.13200e-01
1.09000e+03 3.03200e-01 2.58800e-01 4.17200e-01
1.10000e+03 2.86000e-01 2.74400e-01 4.17600e-01
1.11000e+03 2.73600e-01 2.95600e-01 4.08800e-01
1.12000e+03 2.54400e-01 3.11600e-01 4.11600e-01
1.13000e+03 2.52800e-01 3.24800e-01 4.00800e-01
1.14000e+03 2.46000e-01 3.51600e-01 3.82000e-01
1.15000e+03 2.43600e-01 3.67600e-01 3.65200e-01
1.16000e+03 2.44000e-01 3.84800e-01 3.49600e-01
1.17000e+03 2.47600e-01 3.94400e-01 3.33200e-01
1.18000e+03 2.43600e-01 4.04800e-01 3.28400e-01
1.19000e+03 2.48000e-01 4.16400e-01 3.12400e-01
1.20000e+03 2.59200e-01 4.18000e-01 3.00800e-01
1.21000e+03 2.77200e-01 4.14800e-01 2.84800e-01
1.22000e+03 2.97200e-01 4.10000e-01 2.71200e-01
1.23000e+03 3.12800e-01 4.09600e-01 2.56000e-01
1.24000e+03 3.29200e-01 3.99200e-01 2.50000e-01
1.25000e+03 3.54000e-01 3.76800e-01 2.47600e-01
1.26000e+03 3.69200e-01 3.64000e-01 2.44800e-01
1.27000e+03 3.86000e-01 3.48000e-01 2.45600e-01
1.28000e+03 3.96800e-01 3.31600e-01 2.47600e-01
1.29000e+03 4.07200e-01 3.25600e-01 2.45200e-01
1.30000e+03 4.16000e-01 3.10400e-01 2.52000e-01
1.31000e+03 4.18000e-01 2.98000e-01 2.63200e-01
1.32000e+03 4.16000e-01 2.82400e-01 2.78400e-01
1.33000e+03 4.10400e-01 2.68800e-01 2.99200e-01
1.34000e+03 4.07200e-01 2.54400e-01 3.17600e-01
1.35000e+03 3.94800e-01 2.51200e-01 3.33200e-01
1.36000e+03 3.76000e-01 2.49600e-01 3.53600e-01
1.37000e+03 3.59600e-01 2.46400e-01 3.71200e-01
1.38000e+03 3.45600e-01 2.46000e-01 3.87600e-01
1.39000e+03 3.29200e-01 2.47200e-01 3.99600e-01
1.40000e+03 3.23600e-01 2.44400e-01 4.10000e-01
1.41000e+03 3.09200e-01 2.54000e-01 4.15600e-01
1.42000e+03 2.97200e-01 2.64000e-01 4.17200e-01
1.43000e+03 2.79600e-01 2.79600e-01 4.17600e-01
1.44000e+03 2.68000e-01 2.98400e-01 4.12400e-01
1.45000e+03 2.52800e-01 3.20000e-01 4.06800e-01
1.46000e+03 2.49600e-01 3.36800e-01 3.92800e-01
1.47000e+03 2.50400e-01 3.55600e-01 3.72000e-01
1.48000e+03 2.46400e-01 3.74000e-01 3.56800e-01
1.49000e+03 2.45600e-01 3.88400e-01 3.43600e-01
1.50000e+03 2.47200e-01 4.01200e-01 3.27600e-01
1.51000e+03 2.43600e-01 4.10400e-01 3.22000e-01
1.52000e+03 2.54400e-01 4.17600e-01 3.07200e-01
1.53000e+03 2.67200e-01 4.18000e-01 2.93600e-01
1.54000e+03 2.82800e-01 4.16000e-01 2.76800e-01
1.55000e+03 3.04400e-01 4.09600e-01 2.65600e-01
1.56000e+03 3.20000e-01 4.04000e-01 2.55200e-01
1.57000e+03 3.41200e-01 3.87200e-01 2.49600e-01
1.58000e+03 3.57600e-01 3.70800e-01 2.49200e-01
1.59000e+03 3.74400e-01 3.55200e-01 2.47200e-01
1.60000e+03 3.89200e-01 3.40400e-01 2.48000e-01
1.61000e+03 4.02800e-01 3.28400e-01 2.45200e-01
1.62000e+03 4.10800e-01 3.20000e-01 2.46400e-01
1.63000e+03 4.16800e-01 3.06400e-01 2.56000e-01
1.64000e+03 4.16000e-01 2.92800e-01 2.68800e-01
1.65000e+03 4.10800e-01 2.79200e-01 2.86400e-01
1.66000e+03 4.09200e-01 2.62800e-01 3.08000e-01
1.67000e+03 4.02400e-01 2.54000e-01 3.22800e-01
1.68000e+03 3.83600e-01 2.47600e-01 3.44800e-01
1.69000e+03 3.68800e-01 2.49600e-01 3.60800e-01
1.70000e+03 3.50400e-01 2.47200e-01 3.79200e-01
1.71000e+03 3.39200e-01 2.47600e-01 3.90800e-01
1.72000e+03 3.27600e-01 2.48400e-01 4.01600e-01
1.73000e+03 3.18000e-01 2.48800e-01 4.10000e-01
1.74000e+03 3.04400e-01 2.57200e-01 4.18400e-01
1.75000e+03 2.88800e-01 2.72000e-01 4.16400e-01
1.76000e+03 2.76800e-01 2.91600e-01 4.09200e-01
1.77000e+03 2.58800e-01 3.09600e-01 4.10400e-01
1.78000e+03 2.52800e-01 3.24400e-01 4.02400e-01
1.79000e+03 2.49600e-01 3.44800e-01 3.82800e-01
1.80000e+03 2.47200e-01 3.64400e-01 3.68000e-01
1.81000e+03 2.48000e-01 3.81600e-01 3.50400e-01
1.82000e+03 2.48400e-01 3.91600e-01 3.37200e-01
1.83000e+03 2.46800e-01 4.01600e-01 3.29200e-01
1.84000e+03 2.49600e-01 4.10000e-01 3.17600e-01
1.85000e+03 2.58400e-01 4.17200e-01 3.04000e-01
1.86000e+03 2.76000e-01 4.11600e-01 2.88000e-01
1.87000e+03 2.94800e-01 4.08000e-01 2.75200e-01
1.88000e+03 3.10800e-01 4.09600e-01 2.57600e-01
1.89000e+03 3.24400e-01 4.01200e-01 2.54000e-01
1.90000e+03 3.47600e-01 3.80400e-01 2.50400e-01
1.91000e+03 3.63200e-01 3.66400e-01 2.48400e-01
1.92000e+03 3.82400e-01 3.48400e-01 2.49600e-01
1.93000e+03 3.94800e-01 3.35200e-01 2.47600e-01
1.94000e+03 4.02800e-01 3.26800e-01 2.46400e-01
1.95000e+03 4.11200e-01 3.15200e-01 2.50000e-01
1.96000e+03 4.16400e-01 3.02400e-01 2.60000e-01
1.97000e+03 4.12000e-01 2.86800e-01 2.77200e-01
1.98000e+03 4.09600e-01 2.72800e-01 2.96800e-01
1.99000e+03 4.07200e-01 2.58400e-01 3.14000e-01
2.00000e+03 3.97600e-01 2.52800e-01 3.28800e-01
