1.00000e+01 5.20280e-01
2.00000e+01 7.58837e-01
3.00000e+01 9.92667e-01
4.00000e+01 1.22186e+00
5.00000e+01 1.44651e+00
6.00000e+01 1.66671e+00
7.00000e+01 1.88255e+00
8.00000e+01 2.09410e+00
9.00000e+01 2.30147e+00
1.00000e+02 2.50472e+00
1.10000e+02 2.70394e+00
1.20000e+02 2.89922e+00
1.30000e+02 3.09062e+00
1.40000e+02 3.27824e+00
1.50000e+02 3.46213e+00
1.60000e+02 3.64238e+00
1.70000e+02 3.81905e+00
1.80000e+02 3.99222e+00
1.90000e+02 4.16196e+00
2.00000e+02 4.32834e+00
2.10000e+02 4.49142e+00
2.20000e+02 4.65126e+00
2.30000e+02 4.80794e+00
2.40000e+02 4.96152e+00
2.50000e+02 5.11204e+00
2.60000e+02 5.25959e+00
2.70000e+02 5.40421e+00
2.80000e+02 5.54596e+00
2.90000e+02 5.68491e+00
3.00000e+02 5.82110e+00
3.10000e+02 5.95459e+00
3.20000e+02 6.08543e+00
3.30000e+02 6.21368e+00
3.40000e+02 6.33939e+00
3.50000e+02 6.46261e+00
3.60000e+02 6.58338e+00
3.70000e+02 6.70177e+00
3.80000e+02 6.81780e+00
3.90000e+02 6.93154e+00
4.00000e+02 7.04302e+00
4.10000e+02 7.15229e+00
4.20000e+02 7.25939e+00
4.30000e+02 7.36437e+00
4.40000e+02 7.46728e+00
4.50000e+02 7.56814e+00
4.60000e+02 7.66700e+00
4.70000e+02 7.76390e+00
4.80000e+02 7.85889e+00
4.90000e+02 7.95199e+00
5.00000e+02 8.04324e+00
5.10000e+02 8.13269e+00
5.20000e+02 8.22036e+00
5.30000e+02 8.30629e+00
5.40000e+02 8.39052e+00
5.50000e+02 8.47309e+00
5.60000e+02 8.55401e+00
5.70000e+02 8.63333e+00
5.80000e+02 8.71108e+00
5.90000e+02 8.78729e+00
6.00000e+02 8.86199e+00
6.10000e+02 8.93521e+00
6.20000e+02 9.00697e+00
6.30000e+02 9.07732e+00
6.40000e+02 9.14626e+00
6.50000e+02 9.21385e+00
6.60000e+02 9.28009e+00
6.70000e+02 9.34502e+00
6.80000e+02 9.40866e+00
6.90000e+02 9.47105e+00
7.00000e+02 9.53219e+00
7.10000e+02 9.59212e+00
7.20000e+02 9.65087e+00
7.30000e+02 9.70845e+00
7.40000e+02 9.76489e+00
7.50000e+02 9.82021e+00
