1.00000e+01 5.24271e-01
2.00000e+01 7.62742e-01
3.00000e+01 9.96493e-01
4.00000e+01 1.22562e+00
5.00000e+01 1.45023e+00
6.00000e+01 1.67040e+00
7.00000e+01 1.88624e+00
8.00000e+01 2.09781e+00
9.00000e+01 2.30522e+00
1.00000e+02 2.50854e+00
1.10000e+02 2.70785e+00
1.20000e+02 2.90323e+00
1.30000e+02 3.09476e+00
1.40000e+02 3.28251e+00
1.50000e+02 3.46656e+00
1.60000e+02 3.64697e+00
1.70000e+02 3.82383e+00
1.80000e+02 3.99719e+00
1.90000e+02 4.16713e+00
2.00000e+02 4.33372e+00
2.10000e+02 4.49701e+00
2.20000e+02 4.65708e+00
2.30000e+02 4.81398e+00
2.40000e+02 4.96778e+00
2.50000e+02 5.11853e+00
2.60000e+02 5.26631e+00
2.70000e+02 5.41116e+00
2.80000e+02 5.55315e+00
2.90000e+02 5.69233e+00
3.00000e+02 5.82875e+00
3.10000e+02 5.96247e+00
3.20000e+02 6.09355e+00
3.30000e+02 6.22203e+00
3.40000e+02 6.34797e+00
3.50000e+02 6.47141e+00
3.60000e+02 6.59240e+00
3.70000e+02 6.71101e+00
3.80000e+02 6.82726e+00
3.90000e+02 6.94121e+00
4.00000e+02 7.05290e+00
4.10000e+02 7.16238e+00
4.20000e+02 7.26969e+00
4.30000e+02 7.37487e+00
4.40000e+02 7.47797e+00
4.50000e+02 7.57903e+00
4.60000e+02 7.67808e+00
4.70000e+02 7.77517e+00
4.80000e+02 7.87034e+00
4.90000e+02 7.96362e+00
5.00000e+02 8.05506e+00
5.10000e+02 8.14468e+00
5.20000e+02 8.23252e+00
5.30000e+02 8.31863e+00
5.40000e+02 8.40302e+00
5.50000e+02 8.48575e+00
5.60000e+02 8.56683e+00
5.70000e+02 8.64631e+00
5.80000e+02 8.72422e+00
5.90000e+02 8.80057e+00
6.00000e+02 8.87542e+00
6.10000e+02 8.94878e+00
6.20000e+02 9.02069e+00
6.30000e+02 9.09117e+00
6.40000e+02 9.16026e+00
6.50000e+02 9.22798e+00
6.60000e+02 9.29435e+00
6.70000e+02 9.35941e+00
6.80000e+02 9.42318e+00
6.90000e+02 9.48568e+00
7.00000e+02 9.54695e+00
7.10000e+02 9.60700e+00
7.20000e+02 9.66587e+00
7.30000e+02 9.72356e+00
7.40000e+02 9.78011e+00
7.50000e+02 9.83554e+00
7.60000e+02 9.88988e+00
7.70000e+02 9.94313e+00
7.80000e+02 9.99533e+00
7.90000e+02 1.00465e+01
8.00000e+02 1.00966e+01
8.10000e+02 1.01458e+01
8.20000e+02 1.01940e+01
8.30000e+02 1.02412e+01
8.40000e+02 1.02875e+01
8.50000e+02 1.03329e+01
8.60000e+02 1.03774e+01
8.70000e+02 1.04209e+01
8.80000e+02 1.04637e+01
8.90000e+02 1.05056e+01
9.00000e+02 1.05466e+01
9.10000e+02 1.05868e+01
9.20000e+02 1.06263e+01
9.30000e+02 1.06649e+01
9.40000e+02 1.07028e+01
9.50000e+02 1.07400e+01
9.60000e+02 1.07764e+01
9.70000e+02 1.08121e+01
9.80000e+02 1.08470e+01
9.90000e+02 1.08813e+01
1.00000e+03 1.09149e+01
1.01000e+03 1.09479e+01
1.02000e+03 1.09802e+01
1.03000e+03 1.10118e+01
1.04000e+03 1.10428e+01
1.05000e+03 1.10732e+01
1.06000e+03 1.11030e+01
1.07000e+03 1.11322e+01
1.08000e+03 1.11609e+01
1.09000e+03 1.11889e+01
1.10000e+03 1.12164e+01
1.11000e+03 1.12434e+01
1.12000e+03 1.12698e+01
1.13000e+03 1.12957e+01
1.14000e+03 1.13211e+01
1.15000e+03 1.13460e+01
1.16000e+03 1.13704e+01
1.17000e+03 1.13943e+01
1.18000e+03 1.14177e+01
1.19000e+03 1.14407e+01
1.20000e+03 1.14632e+01
1.21000e+03 1.14853e+01
1.22000e+03 1.15069e+01
1.23000e+03 1.15281e+01
1.24000e+03 1.15489e+01
1.25000e+03 1.15693e+01
1.26000e+03 1.15893e+01
1.27000e+03 1.16088e+01
1.28000e+03 1.16280e+01
1.29000e+03 1.16468e+01
1.30000e+03 1.16652e+01
1.31000e+03 1.16833e+01
1.32000e+03 1.17010e+01
1.33000e+03 1.17184e+01
1.34000e+03 1.17354e+01
1.35000e+03 1.17521e+01
1.36000e+03 1.17684e+01
1.37000e+03 1.17844e+01
1.38000e+03 1.18001e+01
1.39000e+03 1.18155e+01
1.40000e+03 1.18306e+01
1.41000e+03 1.18454e+01
1.42000e+03 1.18599e+01
1.43000e+03 1.18741e+01
1.44000e+03 1.18880e+01
1.45000e+03 1.19017e+01
1.46000e+03 1.19151e+01
1.47000e+03 1.19282e+01
1.48000e+03 1.19410e+01
1.49000e+03 1.19536e+01
1.50000e+03 1.19660e+01
1.51000e+03 1.19781e+01
1.52000e+03 1.19899e+01
1.53000e+03 1.20016e+01
1.54000e+03 1.20130e+01
1.55000e+03 1.20242e+01
1.56000e+03 1.20351e+01
1.57000e+03 1.20458e+01
1.58000e+03 1.20564e+01
1.59000e+03 1.20667e+01
1.60000e+03 1.20768e+01
1.61000e+03 1.20867e+01
1.62000e+03 1.20964e+01
1.63000e+03 1.21059e+01
1.64000e+03 1.21153e+01
1.65000e+03 1.21244e+01
1.66000e+03 1.21334e+01
1.67000e+03 1.21422e+01
1.68000e+03 1.21508e+01
1.69000e+03 1.21592e+01
1.70000e+03 1.21675e+01
1.71000e+03 1.21756e+01
1.72000e+03 1.21835e+01
1.73000e+03 1.21913e+01
1.74000e+03 1.21990e+01
1.75000e+03 1.22065e+01
1.76000e+03 1.22138e+01
1.77000e+03 1.22210e+01
1.78000e+03 1.22280e+01
1.79000e+03 1.22350e+01
1.80000e+03 1.22417e+01
1.81000e+03 1.22484e+01
1.82000e+03 1.22549e+01
1.83000e+03 1.22613e+01
1.84000e+03 1.22675e+01
1.85000e+03 1.22736e+01
1.86000e+03 1.22796e+01
1.87000e+03 1.22855e+01
1.88000e+03 1.22913e+01
1.89000e+03 1.22970e+01
1.90000e+03 1.23025e+01
1.91000e+03 1.23079e+01
1.92000e+03 1.23133e+01
1.93000e+03 1.23185e+01
1.94000e+03 1.23236e+01
1.95000e+03 1.23286e+01
1.96000e+03 1.23335e+01
1.97000e+03 1.23384e+01
1.98000e+03 1.23431e+01
1.99000e+03 1.23477e+01
2.00000e+03 1.23522e+01
2.01000e+03 1.23567e+01
2.02000e+03 1.23611e+01
2.03000e+03 1.23653e+01
2.04000e+03 1.23695e+01
2.05000e+03 1.23736e+01
2.06000e+03 1.23777e+01
2.07000e+03 1.23816e+01
2.08000e+03 1.23855e+01
2.09000e+03 1.23893e+01
2.10000e+03 1.23930e+01
2.11000e+03 1.23966e+01
2.12000e+03 1.24002e+01
2.13000e+03 1.24037e+01
2.14000e+03 1.24071e+01
2.15000e+03 1.24105e+01
2.16000e+03 1.24138e+01
2.17000e+03 1.24170e+01
2.18000e+03 1.24202e+01
2.19000e+03 1.24233e+01
2.20000e+03 1.24263e+01
2.21000e+03 1.24293e+01
2.22000e+03 1.24322e+01
2.23000e+03 1.24351e+01
2.24000e+03 1.24379e+01
2.25000e+03 1.24406e+01
2.26000e+03 1.24433e+01
2.27000e+03 1.24460e+01
2.28000e+03 1.24486e+01
2.29000e+03 1.24511e+01
2.30000e+03 1.24536e+01
2.31000e+03 1.24560e+01
2.32000e+03 1.24584e+01
2.33000e+03 1.24608e+01
2.34000e+03 1.24631e+01
2.35000e+03 1.24653e+01
2.36000e+03 1.24675e+01
2.37000e+03 1.24697e+01
2.38000e+03 1.24718e+01
2.39000e+03 1.24739e+01
2.40000e+03 1.24759e+01
2.41000e+03 1.24779e+01
2.42000e+03 1.24799e+01
2.43000e+03 1.24818e+01
2.44000e+03 1.24837e+01
2.45000e+03 1.24855e+01
2.46000e+03 1.24873e+01
2.47000e+03 1.24891e+01
2.48000e+03 1.24908e+01
2.49000e+03 1.24925e+01
2.50000e+03 1.24942e+01
2.51000e+03 1.24958e+01
2.52000e+03 1.24974e+01
2.53000e+03 1.24990e+01
2.54000e+03 1.25006e+01
2.55000e+03 1.25021e+01
2.56000e+03 1.25035e+01
2.57000e+03 1.25050e+01
2.58000e+03 1.25064e+01
2.59000e+03 1.25078e+01
2.60000e+03 1.25092e+01
2.61000e+03 1.25105e+01
2.62000e+03 1.25118e+01
2.63000e+03 1.25131e+01
2.64000e+03 1.25144e+01
2.65000e+03 1.25156e+01
2.66000e+03 1.25168e+01
2.67000e+03 1.25180e+01
2.68000e+03 1.25192e+01
2.69000e+03 1.25203e+01
2.70000e+03 1.25214e+01
2.71000e+03 1.25225e+01
2.72000e+03 1.25236e+01
2.73000e+03 1.25246e+01
2.74000e+03 1.25257e+01
2.75000e+03 1.25267e+01
2.76000e+03 1.25277e+01
2.77000e+03 1.25287e+01
2.78000e+03 1.25296e+01
2.79000e+03 1.25305e+01
2.80000e+03 1.25315e+01
2.81000e+03 1.25323e+01
2.82000e+03 1.25332e+01
2.83000e+03 1.25341e+01
2.84000e+03 1.25349e+01
2.85000e+03 1.25358e+01
2.86000e+03 1.25366e+01
2.87000e+03 1.25374e+01
2.88000e+03 1.25381e+01
2.89000e+03 1.25389e+01
2.90000e+03 1.25397e+01
2.91000e+03 1.25404e+01
2.92000e+03 1.25411e+01
2.93000e+03 1.25418e+01
2.94000e+03 1.25425e+01
2.95000e+03 1.25432e+01
2.96000e+03 1.25439e+01
2.97000e+03 1.25445e+01
2.98000e+03 1.25451e+01
2.99000e+03 1.25458e+01
3.00000e+03 1.25464e+01
3.01000e+03 1.25470e+01
3.02000e+03 1.25476e+01
3.03000e+03 1.25481e+01
3.04000e+03 1.25487e+01
3.05000e+03 1.25493e+01
3.06000e+03 1.25498e+01
3.07000e+03 1.25503e+01
3.08000e+03 1.25509e+01
3.09000e+03 1.25514e+01
3.10000e+03 1.25519e+01
3.11000e+03 1.25524e+01
3.12000e+03 1.25529e+01
3.13000e+03 1.25533e+01
3.14000e+03 1.25538e+01
3.15000e+03 1.25542e+01
3.16000e+03 1.25547e+01
3.17000e+03 1.25551e+01
3.18000e+03 1.25556e+01
3.19000e+03 1.25560e+01
3.20000e+03 1.25564e+01
3.21000e+03 1.25568e+01
3.22000e+03 1.25572e+01
3.23000e+03 1.25576e+01
3.24000e+03 1.25579e+01
3.25000e+03 1.25583e+01
3.26000e+03 1.25587e+01
3.27000e+03 1.25590e+01
3.28000e+03 1.25594e+01
3.29000e+03 1.25597e+01
3.30000e+03 1.25601e+01
3.31000e+03 1.25604e+01
3.32000e+03 1.25607e+01
3.33000e+03 1.25610e+01
3.34000e+03 1.25613e+01
3.35000e+03 1.25617e+01
3.36000e+03 1.25619e+01
3.37000e+03 1.25622e+01
3.38000e+03 1.25625e+01
3.39000e+03 1.25628e+01
3.40000e+03 1.25631e+01
3.41000e+03 1.25634e+01
3.42000e+03 1.25636e+01
3.43000e+03 1.25639e+01
3.44000e+03 1.25641e+01
3.45000e+03 1.25644e+01
3.46000e+03 1.25646e+01
3.47000e+03 1.25649e+01
3.48000e+03 1.25651e+01
3.49000e+03 1.25653e+01
3.50000e+03 1.25656e+01
3.51000e+03 1.25658e+01
3.52000e+03 1.25660e+01
3.53000e+03 1.25662e+01
3.54000e+03 1.25664e+01
3.55000e+03 1.25666e+01
3.56000e+03 1.25668e+01
3.57000e+03 1.25670e+01
3.58000e+03 1.25672e+01
3.59000e+03 1.25674e+01
3.60000e+03 1.25676e+01
3.61000e+03 1.25678e+01
3.62000e+03 1.25679e+01
3.63000e+03 1.25681e+01
3.64000e+03 1.25683e+01
3.65000e+03 1.25684e+01
3.66000e+03 1.25686e+01
3.67000e+03 1.25688e+01
3.68000e+03 1.25689e+01
3.69000e+03 1.25691e+01
3.70000e+03 1.25692e+01
3.71000e+03 1.25694e+01
3.72000e+03 1.25695e+01
3.73000e+03 1.25697e+01
3.74000e+03 1.25698e+01
3.75000e+03 1.25699e+01
3.76000e+03 1.25701e+01
3.77000e+03 1.25702e+01
3.78000e+03 1.25703e+01
3.79000e+03 1.25705e+01
3.80000e+03 1.25706e+01
3.81000e+03 1.25707e+01
3.82000e+03 1.25708e+01
3.83000e+03 1.25709e+01
3.84000e+03 1.25711e+01
3.85000e+03 1.25712e+01
3.86000e+03 1.25713e+01
3.87000e+03 1.25714e+01
3.88000e+03 1.25715e+01
3.89000e+03 1.25716e+01
3.90000e+03 1.25717e+01
3.91000e+03 1.25718e+01
3.92000e+03 1.25719e+01
3.93000e+03 1.25720e+01
3.94000e+03 1.25721e+01
3.95000e+03 1.25722e+01
3.96000e+03 1.25723e+01
3.97000e+03 1.25723e+01
3.98000e+03 1.25724e+01
3.99000e+03 1.25725e+01
4.00000e+03 1.25726e+01
4.01000e+03 1.25727e+01
4.02000e+03 1.25728e+01
4.03000e+03 1.25728e+01
4.04000e+03 1.25729e+01
4.05000e+03 1.25730e+01
4.06000e+03 1.25731e+01
4.07000e+03 1.25731e+01
4.08000e+03 1.25732e+01
4.09000e+03 1.25733e+01
4.10000e+03 1.25733e+01
4.11000e+03 1.25734e+01
4.12000e+03 1.25735e+01
4.13000e+03 1.25735e+01
4.14000e+03 1.25736e+01
4.15000e+03 1.25737e+01
4.16000e+03 1.25737e+01
4.17000e+03 1.25738e+01
4.18000e+03 1.25738e+01
4.19000e+03 1.25739e+01
4.20000e+03 1.25740e+01
4.21000e+03 1.25740e+01
4.22000e+03 1.25741e+01
4.23000e+03 1.25741e+01
4.24000e+03 1.25742e+01
4.25000e+03 1.25742e+01
4.26000e+03 1.25743e+01
4.27000e+03 1.25743e+01
4.28000e+03 1.25744e+01
4.29000e+03 1.25744e+01
4.30000e+03 1.25744e+01
4.31000e+03 1.25745e+01
4.32000e+03 1.25745e+01
4.33000e+03 1.25746e+01
4.34000e+03 1.25746e+01
4.35000e+03 1.25747e+01
4.36000e+03 1.25747e+01
4.37000e+03 1.25747e+01
4.38000e+03 1.25748e+01
4.39000e+03 1.25748e+01
4.40000e+03 1.25749e+01
4.41000e+03 1.25749e+01
4.42000e+03 1.25749e+01
4.43000e+03 1.25750e+01
4.44000e+03 1.25750e+01
4.45000e+03 1.25750e+01
4.46000e+03 1.25751e+01
4.47000e+03 1.25751e+01
4.48000e+03 1.25751e+01
4.49000e+03 1.25752e+01
4.50000e+03 1.25752e+01
4.51000e+03 1.25752e+01
4.52000e+03 1.25752e+01
4.53000e+03 1.25753e+01
4.54000e+03 1.25753e+01
4.55000e+03 1.25753e+01
4.56000e+03 1.25754e+01
4.57000e+03 1.25754e+01
4.58000e+03 1.25754e+01
4.59000e+03 1.25754e+01
4.60000e+03 1.25755e+01
4.61000e+03 1.25755e+01
4.62000e+03 1.25755e+01
4.63000e+03 1.25755e+01
4.64000e+03 1.25756e+01
4.65000e+03 1.25756e+01
4.66000e+03 1.25756e+01
4.67000e+03 1.25756e+01
4.68000e+03 1.25756e+01
4.69000e+03 1.25757e+01
4.70000e+03 1.25757e+01
4.71000e+03 1.25757e+01
4.72000e+03 1.25757e+01
4.73000e+03 1.25757e+01
4.74000e+03 1.25758e+01
4.75000e+03 1.25758e+01
4.76000e+03 1.25758e+01
4.77000e+03 1.25758e+01
4.78000e+03 1.25758e+01
4.79000e+03 1.25759e+01
4.80000e+03 1.25759e+01
4.81000e+03 1.25759e+01
4.82000e+03 1.25759e+01
4.83000e+03 1.25759e+01
4.84000e+03 1.25759e+01
4.85000e+03 1.25759e+01
4.86000e+03 1.25760e+01
4.87000e+03 1.25760e+01
4.88000e+03 1.25760e+01
4.89000e+03 1.25760e+01
4.90000e+03 1.25760e+01
4.91000e+03 1.25760e+01
4.92000e+03 1.25760e+01
4.93000e+03 1.25761e+01
4.94000e+03 1.25761e+01
4.95000e+03 1.25761e+01
4.96000e+03 1.25761e+01
4.97000e+03 1.25761e+01
4.98000e+03 1.25761e+01
4.99000e+03 1.25761e+01
5.00000e+03 1.25761e+01
