1.00000e+01 5.23320e-01
2.00000e+01 7.61975e-01
3.00000e+01 9.96559e-01
4.00000e+01 1.22770e+00
5.00000e+01 1.45583e+00
6.00000e+01 1.68122e+00
7.00000e+01 1.90400e+00
8.00000e+01 2.12422e+00
9.00000e+01 2.34181e+00
1.00000e+02 2.55671e+00
1.10000e+02 2.76880e+00
1.20000e+02 2.97793e+00
1.30000e+02 3.18400e+00
1.40000e+02 3.38686e+00
1.50000e+02 3.58642e+00
1.60000e+02 3.78259e+00
1.70000e+02 3.97530e+00
1.80000e+02 4.16449e+00
1.90000e+02 4.35015e+00
2.00000e+02 4.53227e+00
2.10000e+02 4.71084e+00
2.20000e+02 4.88589e+00
2.30000e+02 5.05745e+00
2.40000e+02 5.22556e+00
2.50000e+02 5.39029e+00
2.60000e+02 5.55167e+00
2.70000e+02 5.70979e+00
2.80000e+02 5.86469e+00
2.90000e+02 6.01646e+00
3.00000e+02 6.16514e+00
3.10000e+02 6.31083e+00
3.20000e+02 6.45357e+00
3.30000e+02 6.59344e+00
3.40000e+02 6.73050e+00
3.50000e+02 6.86481e+00
3.60000e+02 6.99644e+00
3.70000e+02 7.12543e+00
3.80000e+02 7.25186e+00
3.90000e+02 7.37578e+00
4.00000e+02 7.49723e+00
4.10000e+02 7.61627e+00
4.20000e+02 7.73295e+00
4.30000e+02 7.84732e+00
4.40000e+02 7.95943e+00
4.50000e+02 8.06931e+00
4.60000e+02 8.17702e+00
4.70000e+02 8.28260e+00
4.80000e+02 8.38608e+00
4.90000e+02 8.48752e+00
5.00000e+02 8.58695e+00
5.10000e+02 8.68441e+00
5.20000e+02 8.77995e+00
5.30000e+02 8.87359e+00
5.40000e+02 8.96538e+00
5.50000e+02 9.05534e+00
5.60000e+02 9.14353e+00
5.70000e+02 9.22997e+00
5.80000e+02 9.31470e+00
5.90000e+02 9.39774e+00
6.00000e+02 9.47915e+00
6.10000e+02 9.55893e+00
6.20000e+02 9.63714e+00
6.30000e+02 9.71380e+00
6.40000e+02 9.78894e+00
6.50000e+02 9.86258e+00
6.60000e+02 9.93477e+00
6.70000e+02 1.00055e+01
6.80000e+02 1.00749e+01
6.90000e+02 1.01429e+01
7.00000e+02 1.02095e+01
7.10000e+02 1.02748e+01
7.20000e+02 1.03388e+01
7.30000e+02 1.04016e+01
7.40000e+02 1.04631e+01
7.50000e+02 1.05234e+01
7.60000e+02 1.05825e+01
7.70000e+02 1.06404e+01
7.80000e+02 1.06971e+01
7.90000e+02 1.07528e+01
8.00000e+02 1.08073e+01
8.10000e+02 1.08608e+01
8.20000e+02 1.09132e+01
8.30000e+02 1.09646e+01
8.40000e+02 1.10149e+01
8.50000e+02 1.10642e+01
8.60000e+02 1.11126e+01
8.70000e+02 1.11600e+01
8.80000e+02 1.12065e+01
8.90000e+02 1.12520e+01
9.00000e+02 1.12967e+01
9.10000e+02 1.13405e+01
9.20000e+02 1.13833e+01
9.30000e+02 1.14254e+01
9.40000e+02 1.14666e+01
9.50000e+02 1.15070e+01
9.60000e+02 1.15466e+01
9.70000e+02 1.15854e+01
9.80000e+02 1.16234e+01
9.90000e+02 1.16607e+01
1.00000e+03 1.16973e+01
1.01000e+03 1.17331e+01
1.02000e+03 1.17682e+01
1.03000e+03 1.18026e+01
1.04000e+03 1.18364e+01
1.05000e+03 1.18694e+01
1.06000e+03 1.19018e+01
1.07000e+03 1.19336e+01
1.08000e+03 1.19647e+01
1.09000e+03 1.19953e+01
1.10000e+03 1.20252e+01
1.11000e+03 1.20545e+01
1.12000e+03 1.20832e+01
1.13000e+03 1.21114e+01
1.14000e+03 1.21390e+01
1.15000e+03 1.21661e+01
1.16000e+03 1.21926e+01
1.17000e+03 1.22186e+01
1.18000e+03 1.22441e+01
1.19000e+03 1.22691e+01
1.20000e+03 1.22936e+01
1.21000e+03 1.23176e+01
1.22000e+03 1.23411e+01
1.23000e+03 1.23642e+01
1.24000e+03 1.23868e+01
1.25000e+03 1.24089e+01
1.26000e+03 1.24306e+01
1.27000e+03 1.24519e+01
1.28000e+03 1.24728e+01
1.29000e+03 1.24932e+01
1.30000e+03 1.25133e+01
1.31000e+03 1.25329e+01
1.32000e+03 1.25522e+01
1.33000e+03 1.25711e+01
1.34000e+03 1.25896e+01
1.35000e+03 1.26077e+01
1.36000e+03 1.26255e+01
1.37000e+03 1.26429e+01
1.38000e+03 1.26600e+01
1.39000e+03 1.26767e+01
1.40000e+03 1.26931e+01
1.41000e+03 1.27092e+01
1.42000e+03 1.27250e+01
1.43000e+03 1.27404e+01
1.44000e+03 1.27556e+01
1.45000e+03 1.27704e+01
1.46000e+03 1.27850e+01
1.47000e+03 1.27992e+01
1.48000e+03 1.28132e+01
1.49000e+03 1.28269e+01
1.50000e+03 1.28404e+01
1.51000e+03 1.28535e+01
1.52000e+03 1.28664e+01
1.53000e+03 1.28791e+01
1.54000e+03 1.28915e+01
1.55000e+03 1.29036e+01
1.56000e+03 1.29155e+01
1.57000e+03 1.29272e+01
1.58000e+03 1.29386e+01
1.59000e+03 1.29499e+01
1.60000e+03 1.29609e+01
1.61000e+03 1.29716e+01
1.62000e+03 1.29822e+01
1.63000e+03 1.29926e+01
1.64000e+03 1.30027e+01
1.65000e+03 1.30126e+01
1.66000e+03 1.30224e+01
1.67000e+03 1.30320e+01
1.68000e+03 1.30413e+01
1.69000e+03 1.30505e+01
1.70000e+03 1.30595e+01
1.71000e+03 1.30683e+01
1.72000e+03 1.30770e+01
1.73000e+03 1.30854e+01
1.74000e+03 1.30938e+01
1.75000e+03 1.31019e+01
1.76000e+03 1.31099e+01
1.77000e+03 1.31177e+01
1.78000e+03 1.31254e+01
1.79000e+03 1.31329e+01
1.80000e+03 1.31402e+01
1.81000e+03 1.31475e+01
1.82000e+03 1.31545e+01
1.83000e+03 1.31615e+01
1.84000e+03 1.31683e+01
1.85000e+03 1.31749e+01
1.86000e+03 1.31815e+01
1.87000e+03 1.31879e+01
1.88000e+03 1.31942e+01
1.89000e+03 1.32003e+01
1.90000e+03 1.32063e+01
1.91000e+03 1.32123e+01
1.92000e+03 1.32180e+01
1.93000e+03 1.32237e+01
1.94000e+03 1.32293e+01
1.95000e+03 1.32347e+01
1.96000e+03 1.32401e+01
1.97000e+03 1.32453e+01
1.98000e+03 1.32505e+01
1.99000e+03 1.32555e+01
2.00000e+03 1.32604e+01
2.01000e+03 1.32653e+01
2.02000e+03 1.32700e+01
2.03000e+03 1.32747e+01
2.04000e+03 1.32792e+01
2.05000e+03 1.32837e+01
2.06000e+03 1.32881e+01
2.07000e+03 1.32924e+01
2.08000e+03 1.32966e+01
2.09000e+03 1.33007e+01
2.10000e+03 1.33047e+01
2.11000e+03 1.33087e+01
2.12000e+03 1.33126e+01
2.13000e+03 1.33164e+01
2.14000e+03 1.33201e+01
2.15000e+03 1.33238e+01
2.16000e+03 1.33274e+01
2.17000e+03 1.33309e+01
2.18000e+03 1.33343e+01
2.19000e+03 1.33377e+01
2.20000e+03 1.33410e+01
2.21000e+03 1.33442e+01
2.22000e+03 1.33474e+01
2.23000e+03 1.33505e+01
2.24000e+03 1.33536e+01
2.25000e+03 1.33566e+01
2.26000e+03 1.33595e+01
2.27000e+03 1.33624e+01
2.28000e+03 1.33652e+01
2.29000e+03 1.33680e+01
2.30000e+03 1.33707e+01
2.31000e+03 1.33733e+01
2.32000e+03 1.33759e+01
2.33000e+03 1.33785e+01
2.34000e+03 1.33810e+01
2.35000e+03 1.33834e+01
2.36000e+03 1.33858e+01
2.37000e+03 1.33882e+01
2.38000e+03 1.33905e+01
2.39000e+03 1.33927e+01
2.40000e+03 1.33950e+01
2.41000e+03 1.33971e+01
2.42000e+03 1.33993e+01
2.43000e+03 1.34013e+01
2.44000e+03 1.34034e+01
2.45000e+03 1.34054e+01
2.46000e+03 1.34074e+01
2.47000e+03 1.34093e+01
2.48000e+03 1.34112e+01
2.49000e+03 1.34130e+01
2.50000e+03 1.34148e+01
2.51000e+03 1.34166e+01
2.52000e+03 1.34184e+01
2.53000e+03 1.34201e+01
2.54000e+03 1.34217e+01
2.55000e+03 1.34234e+01
2.56000e+03 1.34250e+01
2.57000e+03 1.34266e+01
2.58000e+03 1.34281e+01
2.59000e+03 1.34296e+01
2.60000e+03 1.34311e+01
2.61000e+03 1.34326e+01
2.62000e+03 1.34340e+01
2.63000e+03 1.34354e+01
2.64000e+03 1.34368e+01
2.65000e+03 1.34381e+01
2.66000e+03 1.34394e+01
2.67000e+03 1.34407e+01
2.68000e+03 1.34420e+01
2.69000e+03 1.34432e+01
2.70000e+03 1.34444e+01
2.71000e+03 1.34456e+01
2.72000e+03 1.34468e+01
2.73000e+03 1.34479e+01
2.74000e+03 1.34491e+01
2.75000e+03 1.34502e+01
2.76000e+03 1.34512e+01
2.77000e+03 1.34523e+01
2.78000e+03 1.34533e+01
2.79000e+03 1.34543e+01
2.80000e+03 1.34553e+01
2.81000e+03 1.34563e+01
2.82000e+03 1.34573e+01
2.83000e+03 1.34582e+01
2.84000e+03 1.34591e+01
2.85000e+03 1.34600e+01
2.86000e+03 1.34609e+01
2.87000e+03 1.34618e+01
2.88000e+03 1.34626e+01
2.89000e+03 1.34635e+01
2.90000e+03 1.34643e+01
2.91000e+03 1.34651e+01
2.92000e+03 1.34658e+01
2.93000e+03 1.34666e+01
2.94000e+03 1.34674e+01
2.95000e+03 1.34681e+01
2.96000e+03 1.34688e+01
2.97000e+03 1.34695e+01
2.98000e+03 1.34702e+01
2.99000e+03 1.34709e+01
3.00000e+03 1.34716e+01
3.01000e+03 1.34722e+01
3.02000e+03 1.34729e+01
3.03000e+03 1.34735e+01
3.04000e+03 1.34741e+01
3.05000e+03 1.34747e+01
3.06000e+03 1.34753e+01
3.07000e+03 1.34759e+01
3.08000e+03 1.34765e+01
3.09000e+03 1.34770e+01
3.10000e+03 1.34776e+01
3.11000e+03 1.34781e+01
3.12000e+03 1.34786e+01
3.13000e+03 1.34791e+01
3.14000e+03 1.34796e+01
3.15000e+03 1.34801e+01
3.16000e+03 1.34806e+01
3.17000e+03 1.34811e+01
3.18000e+03 1.34816e+01
3.19000e+03 1.34820e+01
3.20000e+03 1.34825e+01
3.21000e+03 1.34829e+01
3.22000e+03 1.34833e+01
3.23000e+03 1.34837e+01
3.24000e+03 1.34842e+01
3.25000e+03 1.34846e+01
3.26000e+03 1.34850e+01
3.27000e+03 1.34853e+01
3.28000e+03 1.34857e+01
3.29000e+03 1.34861e+01
3.30000e+03 1.34865e+01
3.31000e+03 1.34868e+01
3.32000e+03 1.34872e+01
3.33000e+03 1.34875e+01
3.34000e+03 1.34879e+01
3.35000e+03 1.34882e+01
3.36000e+03 1.34885e+01
3.37000e+03 1.34888e+01
3.38000e+03 1.34891e+01
3.39000e+03 1.34894e+01
3.40000e+03 1.34897e+01
3.41000e+03 1.34900e+01
3.42000e+03 1.34903e+01
3.43000e+03 1.34906e+01
3.44000e+03 1.34909e+01
3.45000e+03 1.34912e+01
3.46000e+03 1.34914e+01
3.47000e+03 1.34917e+01
3.48000e+03 1.34919e+01
3.49000e+03 1.34922e+01
3.50000e+03 1.34924e+01
3.51000e+03 1.34927e+01
3.52000e+03 1.34929e+01
3.53000e+03 1.34931e+01
3.54000e+03 1.34934e+01
3.55000e+03 1.34936e+01
3.56000e+03 1.34938e+01
3.57000e+03 1.34940e+01
3.58000e+03 1.34942e+01
3.59000e+03 1.34944e+01
3.60000e+03 1.34946e+01
3.61000e+03 1.34948e+01
3.62000e+03 1.34950e+01
3.63000e+03 1.34952e+01
3.64000e+03 1.34954e+01
3.65000e+03 1.34956e+01
3.66000e+03 1.34958e+01
3.67000e+03 1.34959e+01
3.68000e+03 1.34961e+01
3.69000e+03 1.34963e+01
3.70000e+03 1.34964e+01
3.71000e+03 1.34966e+01
3.72000e+03 1.34967e+01
3.73000e+03 1.34969e+01
3.74000e+03 1.34971e+01
3.75000e+03 1.34972e+01
3.76000e+03 1.34973e+01
3.77000e+03 1.34975e+01
3.78000e+03 1.34976e+01
3.79000e+03 1.34978e+01
3.80000e+03 1.34979e+01
3.81000e+03 1.34980e+01
3.82000e+03 1.34982e+01
3.83000e+03 1.34983e+01
3.84000e+03 1.34984e+01
3.85000e+03 1.34985e+01
3.86000e+03 1.34987e+01
3.87000e+03 1.34988e+01
3.88000e+03 1.34989e+01
3.89000e+03 1.34990e+01
3.90000e+03 1.34991e+01
3.91000e+03 1.34992e+01
3.92000e+03 1.34993e+01
3.93000e+03 1.34994e+01
3.94000e+03 1.34995e+01
3.95000e+03 1.34996e+01
3.96000e+03 1.34997e+01
3.97000e+03 1.34998e+01
3.98000e+03 1.34999e+01
3.99000e+03 1.35000e+01
4.00000e+03 1.35001e+01
4.01000e+03 1.35002e+01
4.02000e+03 1.35003e+01
4.03000e+03 1.35004e+01
4.04000e+03 1.35004e+01
4.05000e+03 1.35005e+01
4.06000e+03 1.35006e+01
4.07000e+03 1.35007e+01
4.08000e+03 1.35008e+01
4.09000e+03 1.35008e+01
4.10000e+03 1.35009e+01
4.11000e+03 1.35010e+01
4.12000e+03 1.35010e+01
4.13000e+03 1.35011e+01
4.14000e+03 1.35012e+01
4.15000e+03 1.35012e+01
4.16000e+03 1.35013e+01
4.17000e+03 1.35014e+01
4.18000e+03 1.35014e+01
4.19000e+03 1.35015e+01
4.20000e+03 1.35016e+01
4.21000e+03 1.35016e+01
4.22000e+03 1.35017e+01
4.23000e+03 1.35017e+01
4.24000e+03 1.35018e+01
4.25000e+03 1.35018e+01
4.26000e+03 1.35019e+01
4.27000e+03 1.35020e+01
4.28000e+03 1.35020e+01
4.29000e+03 1.35021e+01
4.30000e+03 1.35021e+01
4.31000e+03 1.35022e+01
4.32000e+03 1.35022e+01
4.33000e+03 1.35022e+01
4.34000e+03 1.35023e+01
4.35000e+03 1.35023e+01
4.36000e+03 1.35024e+01
4.37000e+03 1.35024e+01
4.38000e+03 1.35025e+01
4.39000e+03 1.35025e+01
4.40000e+03 1.35025e+01
4.41000e+03 1.35026e+01
4.42000e+03 1.35026e+01
4.43000e+03 1.35027e+01
4.44000e+03 1.35027e+01
4.45000e+03 1.35027e+01
4.46000e+03 1.35028e+01
4.47000e+03 1.35028e+01
4.48000e+03 1.35028e+01
4.49000e+03 1.35029e+01
4.50000e+03 1.35029e+01
4.51000e+03 1.35029e+01
4.52000e+03 1.35030e+01
4.53000e+03 1.35030e+01
4.54000e+03 1.35030e+01
4.55000e+03 1.35031e+01
4.56000e+03 1.35031e+01
4.57000e+03 1.35031e+01
4.58000e+03 1.35032e+01
4.59000e+03 1.35032e+01
4.60000e+03 1.35032e+01
4.61000e+03 1.35032e+01
4.62000e+03 1.35033e+01
4.63000e+03 1.35033e+01
4.64000e+03 1.35033e+01
4.65000e+03 1.35033e+01
4.66000e+03 1.35034e+01
4.67000e+03 1.35034e+01
4.68000e+03 1.35034e+01
4.69000e+03 1.35034e+01
4.70000e+03 1.35034e+01
4.71000e+03 1.35035e+01
4.72000e+03 1.35035e+01
4.73000e+03 1.35035e+01
4.74000e+03 1.35035e+01
4.75000e+03 1.35036e+01
4.76000e+03 1.35036e+01
4.77000e+03 1.35036e+01
4.78000e+03 1.35036e+01
4.79000e+03 1.35036e+01
4.80000e+03 1.35036e+01
4.81000e+03 1.35037e+01
4.82000e+03 1.35037e+01
4.83000e+03 1.35037e+01
4.84000e+03 1.35037e+01
4.85000e+03 1.35037e+01
4.86000e+03 1.35037e+01
4.87000e+03 1.35038e+01
4.88000e+03 1.35038e+01
4.89000e+03 1.35038e+01
4.90000e+03 1.35038e+01
4.91000e+03 1.35038e+01
4.92000e+03 1.35038e+01
4.93000e+03 1.35039e+01
4.94000e+03 1.35039e+01
4.95000e+03 1.35039e+01
4.96000e+03 1.35039e+01
4.97000e+03 1.35039e+01
4.98000e+03 1.35039e+01
4.99000e+03 1.35039e+01
5.00000e+03 1.35039e+01
