5.00000e-04 5.00150e-01 1.93844e-05 7.07440e-01 9.47075e-06
1.00000e-03 5.00091e-01 1.24062e-04 7.07412e-01 4.45936e-05
1.50000e-03 5.00043e-01 5.62104e-04 7.07722e-01 1.83727e-04
2.00000e-03 5.00016e-01 1.65743e-03 7.08714e-01 5.25043e-04
2.50000e-03 5.00005e-01 3.11598e-03 7.10104e-01 9.70192e-04
3.00000e-03 5.00001e-01 3.70211e-03 7.10695e-01 1.13759e-03
3.50000e-03 5.00000e-01 2.73719e-03 7.09803e-01 8.36432e-04
4.00000e-03 5.00000e-01 1.23709e-03 7.08350e-01 3.79447e-04
4.50000e-03 5.00000e-01 3.39303e-04 7.07454e-01 1.04894e-04
5.00000e-03 5.00000e-01 5.66452e-05 7.07166e-01 1.76346e-05
